35.28925264791028,0.0032978990898757665,-0.023275178147338593,0.03716545591111897,0.08541359019744776,-0.9291227801980391,-0.3152572374448408,-0.5397651622689386,-0.42086682617424276,0.2300114660383974,-0.5015210971241715,0.5546732723719578,0.36640925176267514,0.6401828665752138,0.8768526658991853,0.647983773755693,-0.7305858592352796,0.15298523094521976,-0.12405631840186548,0.40827723858212894,0.7856499424598344,-0.4975374360278786,0.6661405198947192,-0.037578023229190904,-0.43639092765427345,-0.6005583217416055,-0.8485175878753888,-0.6507701710762208,0.014273808589122972,-0.6385320378238342,0.39072720746651646,-0.5371574640114474,-0.7784280129366454,-0.7479716644180716,0.7101650513834732,0.03925553521312253,0.5226157937509377,0.13012626035364927,-0.7368556290702737,0.3504430399963814,-0.9327083201885642,-0.9809451219945107,-0.9576149400310003,0.41159314534302727,-0.5997141439677431,0.3627976558228494,-0.03051733263538403,-0.9109809401943314,-0.23366019772792757,0.5433149142551528,0.23646935653649126,-0.0059829417415602215,-0.9611109099432453,0.9412171492769925,-0.3195269464783004,0.44810573070877213,0.7420028534024761,0.7643924752371567,-0.9802281643744906,0.814945467371557,-0.24688472269031103,-0.8703106189993364,-0.17302788570159522,0.2878694797090591,0.6335816713093241,0.5181121118309271,0.8834578849441415,0.523669049448358,0.0696043890155309,-0.7547634902325417,-0.23638583942455815,0.27742744160356936,0.2468634005919741,-0.17020440124034897,0.8135502585828269,-0.149817183017654,-0.3494083850751013,-0.6187535078023378,-0.28528426808112006,0.42687724703372276,0.817844740868308,0.4634752480993847,0.13736701147276342,0.748341686610448,-0.3588307747500117,-0.8469209356717287,0.7002722971577198,0.7487666628925809,-0.5783334086607632,-0.6446043502546173,-0.9512215787994955,0.2539902765362394,0.5703920921348453,-0.420089804772912,0.36152536458882256,0.9469500760738845,0.16802205284594862,-0.9676621107072716,-0.007884276573725257,-0.48715704589183395,0.22146516566820074,0.9372537323886301,-0.7013288936165061,-0.28393506750676045,0.05052963981728409,0.41709445193511474,0.7385954087127695,-0.938450528061936,-0.43355563863276614,-0.9806752218807824,-0.42573768276124624,-0.5437910718233838,-0.03532234600723694,0.9161584767332385,0.7827512274944748,-0.4769110591386265,-0.2368506832909707,0.536117307974588,-0.8405028494388549,-0.7092749789939892,-0.7179118403345279,0.23878151944114556,-0.21955808485258665,0.9998651100318015,-0.09172067612003243,0.4853774023435964,0.13020778218813378,-0.8570772784433938,-0.3419939373331329,-0.8048090441949944,0.587633160604,0.39152751437418387,-0.7904147002738653,0.38083065287616047,0.9500096608342465,-0.26410763314889696,-0.12142762712115407,0.5682329321988022,0.9021402327026793,-0.888121451086122,0.534591088385544,-0.11984971416927581,0.38006380882489266,0.8971840296048765,-0.11543296946874171,-0.8613701855657372,0.7883292677652354,-0.8683529251261606,-0.43002294262509544,0.6329653643132005,-0.7708386364265478,0.5565376994937679,0.3014446165891036,-0.5956853271764848,0.5455061295703723,-0.8388557184059446,0.931340552429101,-0.36181015618712387,0.7145871952854583,-0.8119822587595196,0.16740711852991175,-0.3119016484591881,-0.7664792577981172,0.25650128327518495,0.01297079652421429,-0.31946635573538384,0.9755061643745517,0.5176622469778225,0.19731212259586073,-0.12225660735934851,-0.13955973331221694,0.9513869968819502,0.5102197773612098,0.8112773627485881,0.1773720761041664,-0.10145743594059575,0.4450164282413731,0.48794639525792505,0.1603329667580653,0.6221255489797524,0.21393020686060482,-0.4379656502156808,0.27552874609117795,-0.7273890107884682,-0.09986205149764138,-0.493398639599671,-0.9971315412647777,-0.34856584232052534,0.3467240891795498,-0.7577805617230731,0.5862527139193519,-0.10600042409211508,-0.573307803360412,-0.04367299831142879,-0.4401150571006638,0.657436151963559,0.6743549259506996,-0.8036239609925204,0.5726294483222061,0.5581663037059275,0.996289937679808,-0.891194953416635,-0.7513751969880205,-0.4506841592142432,0.21591665665476745,-0.6365260728754878,0.5622314271500211,0.148731202410892,0.01832197889038767,0.3873495510919458,-0.8510424463017832,-0.5340070891346886,-0.2855923330945682,-0.9652212028320819,-0.5792917575890615,0.7901584201848226,0.6102715990084302,0.21019286562096529,0.6987907337904566,0.043823804848667214,-0.7839050047321512,0.6558869199925912,-0.06883674381445815,0.0998254482202241,0.6236696603737939,-0.11157113153099796,0.028310943563065516,-0.6152605638853865,-0.47001282132568134,0.264725744082579,-0.4084642098565796,0.5120804448879774,0.792766263380041,0.9244929098070382,0.9463159538682386,0.631194585104105,-0.7869147610677854,-0.9783413931063119,-0.5513125039696933,0.4967515914707401,0.9177588060417297,-0.40081903333524016,0.2837107764471185,0.8902315897319901,0.866991484533685,-0.6741936373508108,0.6266599866691465,-0.08472605157051394,-0.9724780097875394,-0.9828107612878152,-0.2869459875747349,-0.3524638454106128,-0.48781361181291727,0.8203809858575861,0.25114773958899583,0.807877917737452,0.6835606531318601,0.7187889075563783,0.27510505698750687,0.8959542928693796,-0.26876167519200833,0.06924288089254693,0.12296223303671283,-0.2023121956275329,0.25814103433846336,-0.6862743215375275
38.92639913292097,0.702972147763484,-0.6434153059434242,0.28376472454913126,-0.4566946647427992,-0.2746027811462366,0.6327446674002368,-0.4074222239984,0.9721305053896561,-0.8674019599697489,0.04515447648292992,-0.7696866642977378,-0.35961278500724525,-0.09878959705508206,-0.4648780667938901,-0.32381720195574704,0.43903425194627754,0.9593204685445742,0.7641971024228602,0.2104655324991087,-0.9318808905370974,0.7665988167252722,0.01711210774117089,0.47030224417933386,0.8244883678943855,0.39316384856676856,-0.6019661222162662,-0.4829349427926075,-0.5622189592688291,-0.5735675158655258,-0.30694156781099524,-0.5588532933828407,0.8382671891050382,-0.03325236956685407,0.4823568074521474,0.9493408715959775,-0.25938443483725115,-0.8576171605866019,0.5579210814633377,-0.6199244769942351,-0.544707290263504,-0.4083446576829324,-0.46219514579570786,0.22149450906325896,0.6219142391152466,0.8086724964093694,-0.14448347838086706,-0.9349378719636967,-0.5456450518900497,-0.44221213008520666,-0.3442736335700365,0.6041036716432095,0.05246674937396212,-0.5286840366269621,0.8539471396112477,-0.6079633763926411,0.41073352278430963,0.7628620577150445,-0.9829439961400006,-0.9568562681628316,-0.6586733522906707,-0.6636246219428428,0.8894567589733977,-0.5779854682722099,-0.26988470252725105,0.4526261386969692,-0.08234751876552293,-0.44632168764396685,0.9827723778049267,0.4921025181366028,-0.8307451898226794,0.7983753137594416,0.02487459059795527,-0.004919818704658185,-0.4353134959549927,-0.6854687098523584,-0.4386395971326362,0.10278636327658708,-0.36990099669387133,-0.04407676701480834,0.8802945671994458,-0.32934081145451555,0.6357522122295345,-0.7851542216219407,0.6966373759474331,-0.7474855199291577,0.4091437822353834,-0.42352014208992195,0.7312752595692855,0.8456362437006613,0.8046699520035809,0.14661305770437671,-0.21529857339694214,0.9226273319829101,-0.32667446457943305,-0.17304774306180626,-0.2324747215700227,-0.25907537513521794,-0.561718043346688,-0.7550970165288202,0.46382920415159234,-0.7198784678276062,-0.10108544816384746,-0.7555331759543487,0.15713212269424326,-0.8804539575190793,0.21917560212063525,-0.9429612873322533,0.9629710725594804,0.03262824951576393,0.11057752257034537,0.6137756188623147,0.7034004775417859,0.43280710834547476,-0.7168803244402449,-0.0045356055612322255,0.5857948788602634,0.8550150070574722,-0.08826174252630392,0.7197112003666271,-0.21022056425254187,-0.7865148773920241,-0.8063300822230992,-0.7539422126717681,0.006936729331043834,-0.8853356994412778,-0.12507234546271517,0.9010949867701357,0.8716616399054167,-0.8051136433082378,-0.41201244097041356,0.2049667313660175,0.8654266305474987,-0.9996742780971901,0.2451402900570825,-0.042780240828466765,-0.552312707358035,0.8251847751742258,0.8498556112261806,0.32521978945209185,-0.2274630872899066,0.24755292838671328,0.19014046557686726,-0.055167866126577536,-0.9675578072335667,0.8749955316190625,-0.16057541553449117,0.44806328807243156,-0.037450825658243314,0.5169330061024346,0.042113826764549334,-0.6358100975636307,-0.43598052094508244,-0.7538798565639091,-0.36488149842799755,-0.7384604828179144,-0.7670388465192695,0.7556676865690273,0.7882900742504728,-0.459962632222223,0.7665572877091325,0.6149914159478846,0.01626262710920834,-0.9975934827895403,-0.2116458977696849,-0.45947294243159,-0.4770183408376476,0.0016069424126126108,0.935644176683821,0.21637535241878725,0.8867532040045816,0.7558230036831632,-0.458105302474598,0.23566312076815876,0.0151070482354827,0.6917372216847999,-0.9343009922316483,0.043634520436904856,0.6203081384404385,0.7079858679054958,0.691396876656529,-0.5069614096439561,0.12284806077842214,-0.1466824025288629,0.724427759501155,-0.48425947438403494,0.8337866542070793,-0.004873460707754962,-0.6606844990407776,-0.6902251264879731,-0.06281685873306864,-0.02104162778865515,0.16670243897440873,0.22171603887753655,-0.817890115403002,-0.49825841849956576,-0.9691556455661468,-0.39575248294674736,-0.9265237291575572,-0.15254167893264192,-0.07319775094475744,0.18831280997843414,0.9637173560228998,0.5529022989713062,-0.5896922986657624,-0.2866148078493944,0.6350668762757659,-0.809763906728681,-0.12838668560359667,0.42071525224171125,0.9641425034097073,0.1445373006769759,0.21704812119956807,-0.36437985690443364,0.7228750721423094,0.8749084546684067,-0.27843362192696763,0.3588310915454671,-0.030042629766635853,-0.3438219959649125,-0.9531041905942033,-0.6399575537586188,0.2049119769357315,0.0503413611449639,-0.16973359242469632,-0.862130089409868,0.27989701819409607,-0.45179665883867437,-0.2444755908416032,-0.268434137855303,-0.14389697235582477,0.3934359841143942,-0.27382850714133444,0.8752524444298591,0.47048502851017604,-0.8584438823456133,-0.5432975876004051,-0.38857353390367355,-0.9820962970876168,-0.243023824405197,0.04718856137595706,-0.595601493331039,-0.7396046837524672,-0.6481583915611191,-0.5248628568735867,-0.8678530595347422,-0.8643405214005904,-0.8450338881797399,-0.8242966510824783,0.6852091709315427,-0.15575476213613793,-0.44180271008109995,-0.37038263945161853,-0.5239324386414501,-0.3642592932193651,0.9801640017057656,0.6522405549515387,0.3617867938636734,-0.06261531393497966,0.12119298879811002,0.18962834573633502,-0.7265551802760517,0.3847580491116409,-0.7126113643008907,0.3680186861440571,0.2436430480690699
40.93200381109597,0.9066636444603449,0.37858547978391877,0.5871253036697108,-0.3995618319084042,-0.7704984818026859,0.030075503347994026,0.9114690091916804,0.5013599267812066,0.8403407671592618,-0.7844202983224069,-0.042374934435069456,-0.5666595753736681,-0.9688461048710657,-0.6105748805284437,0.9708796040373067,-0.7899013379544684,0.3123366863525001,-0.14996657543327685,-0.9766900140172436,0.6935184301171309,-0.991742680745364,-0.8942885888248906,0.9054631946638647,0.20345041130387465,-0.07402994594121237,-0.11287260997538628,-0.28027152928648524,0.4184954180945373,-0.47102954457914614,-0.25241512683248746,0.5893738665249644,-0.16630588637721333,-0.6447211839108462,0.6654224625834093,0.5573207670870954,0.6084369733227366,0.0718729082852203,0.8500570207818436,-0.34019883278466745,0.876396224335793,-0.6780596266016512,0.6068562124883479,-0.6488240744693392,-0.9970477696457396,0.5240761519690176,-0.5246959349881806,0.4896151394125816,0.35313092496776743,0.07892681635857923,-0.3124896557386261,-0.447747824804148,-0.1947922622048861,0.18714623898592864,0.9473626345807944,0.842149972831,0.18417125582602112,-0.03457514679097895,0.8054385394639412,0.03529013221376909,-0.6124577156139501,0.7628228011082971,-0.7821644542720179,-0.27693726900994675,0.7035431988715386,0.5510982703636222,0.5869620209021233,0.4040841171900138,-0.3230231499356493,-0.9870433266460517,0.6988965008685604,-0.611543082642483,0.7570555753635708,-0.07857827833023712,0.46869639723813394,0.3915653222794324,-0.53048570356968,0.9239555457805115,-0.8011852908374322,-0.9904725290967371,0.2925131284813669,0.5788981636472987,0.9763064466934548,0.5684346143721719,-0.8453195253591805,-0.9144111164397042,0.7017614137779455,0.5551829489083739,-0.2914730625744377,-0.6940683477384,-0.3467090686847025,0.2537292398091435,-0.6758954578196001,-0.6895126256376516,0.4900009814523114,0.052385418149929475,0.9978532471774952,0.43657883800446284,-0.3302917062776365,0.4186386029110103,0.9888553520070806,-0.8782214684190894,0.814488162154023,0.20263533054474436,-0.22463990233610698,0.09389889045872435,-0.4958590242931933,-0.5412125614892769,0.3378251509616359,-0.5542315262061672,-0.7674493052721425,-0.6730525800799629,-0.04325850007672116,0.33861944682371536,-0.8248033828392605,0.8692446357033605,0.2541585910044746,-0.5793785195638799,-0.694806498669615,0.5684214457496188,-0.42370542343719597,0.5232009862669125,0.680662672934123,-0.45078817685567807,-0.925443277034673,-0.9621604204042393,-0.9041474741489313,0.25952520872924945,0.23493104830506795,-0.9072456674844611,-0.6341576019271988,0.919285373439992,-0.09552161038213547,-0.7302847381519002,-0.6166637555734862,0.4463733452384788,0.225167552412058,0.7697813281293227,0.18357131965545137,0.13206083397905388,0.11532373593053524,-0.47721742719817994,-0.5948986160052163,-0.39867200586067786,-0.022336036801389625,-0.19324744332215138,-0.9125789694071109,0.5150731818784717,0.5739365890789982,-0.306893016527501,-0.353192190024993,-0.09810901938481664,0.1909351531954251,0.14284090852423414,0.9269023817849724,0.205691893817592,0.5060802198628498,-0.09220189181139027,0.677916138453786,-0.2536221070201534,0.40108742649214335,-0.24576562709377558,-0.8175436781069918,-0.8490739484332326,0.7505233633538104,0.7455888729060454,0.04844373483898967,0.4956188215232824,0.7091855551969868,0.969319898271378,0.523427400846558,0.10398758895713445,-0.3831613388541153,0.09451788129228111,0.12606538377286625,0.0992818102700932,0.8646222949875113,-0.2855437682452522,-0.4514578972617378,-0.7888864410547216,0.39118783173758653,-0.07365561582530611,0.5567728222130528,0.193974661477482,-0.9790856893039483,-0.502243112351727,0.8069843132364001,0.9376725695455312,-0.4865501828459138,-0.9611577961225708,0.10536237650377256,0.041297918287033886,-0.8594954550496041,0.3648701444933242,-0.023571983826622844,0.47708223053245136,-0.4024739884659603,0.7777088407418953,-0.8529255738454278,0.7717322721151187,-0.43713737643108663,0.8997760841755,-0.7382746076680411,0.12959016967565717,0.7475897334339989,0.3994811404707639,0.12733138674917632,0.1570930960219692,-0.03524487350800287,-0.8596016053176716,-0.952184154408267,-0.7269359787565104,0.9170378565899457,0.5283511937429115,-0.4942756449645431,0.17180700482482592,0.7574375510179463,0.5221703863033371,-0.3833211295504806,0.15730857871984583,-0.5035210945305049,0.10517612000605525,0.44988457294787043,-0.4495036827654333,0.01969151609721198,0.3193871778476838,0.2839561964351667,0.3082784665501819,-0.04815813267277047,0.558369971071186,0.9777923143058622,0.04162683761784258,0.2835862922972556,0.9078472411360112,0.6733885397105408,0.5920600304667372,0.1696606221847483,0.10533013392632573,-0.9748716256770973,0.06631928735579407,0.412695783176787,-0.0161442152120419,-0.8496468900930696,0.812690714285746,-0.6250804692212584,-0.06346667264225037,-0.7194552633422202,-0.80631261566943,-0.16750872354653668,0.8627740357406302,0.24929805053352205,0.4462524874105471,0.3246713617902395,0.6832127510666408,0.856715704777818,0.9337523425142809,0.6831880516242359,-0.7536582637116236,0.6094422302845621,-0.17252471973293604,0.3366225262044784,0.6008518704134418,0.11882582867803726,-0.46640965642186405,0.26693593327430887,0.7759077921201192
40.93200381109597,0.9066636444603449,0.37858547978391877,0.5871253036697108,-0.3995618319084042,-0.7704984818026859,0.030075503347994026,0.9114690091916804,0.5013599267812066,0.8403407671592618,-0.7844202983224069,-0.042374934435069456,-0.5666595753736681,-0.9688461048710657,-0.6105748805284437,0.9708796040373067,-0.7899013379544684,0.3123366863525001,-0.14996657543327685,-0.9766900140172436,0.6935184301171309,-0.991742680745364,-0.8942885888248906,0.9054631946638647,0.20345041130387465,-0.07402994594121237,-0.11287260997538628,-0.28027152928648524,0.4184954180945373,-0.47102954457914614,-0.25241512683248746,0.5893738665249644,-0.16630588637721333,-0.6447211839108462,0.6654224625834093,0.5573207670870954,0.6084369733227366,0.0718729082852203,0.8500570207818436,-0.34019883278466745,0.876396224335793,-0.6780596266016512,0.6068562124883479,-0.6488240744693392,-0.9970477696457396,0.5240761519690176,-0.5246959349881806,0.4896151394125816,0.35313092496776743,0.07892681635857923,-0.3124896557386261,-0.447747824804148,-0.1947922622048861,0.18714623898592864,0.9473626345807944,0.842149972831,0.18417125582602112,-0.03457514679097895,0.8054385394639412,0.03529013221376909,-0.6124577156139501,0.7628228011082971,-0.7821644542720179,-0.27693726900994675,0.7035431988715386,0.5510982703636222,0.5869620209021233,0.4040841171900138,-0.3230231499356493,-0.9870433266460517,0.6988965008685604,-0.611543082642483,0.7570555753635708,-0.07857827833023712,0.46869639723813394,0.3915653222794324,-0.53048570356968,0.9239555457805115,-0.8011852908374322,-0.9904725290967371,0.2925131284813669,0.5788981636472987,0.9763064466934548,0.5684346143721719,-0.8453195253591805,-0.9144111164397042,0.7017614137779455,0.5551829489083739,-0.2914730625744377,-0.6940683477384,-0.3467090686847025,0.2537292398091435,-0.6758954578196001,-0.6895126256376516,0.4900009814523114,0.052385418149929475,0.9978532471774952,0.43657883800446284,-0.3302917062776365,0.4186386029110103,0.9888553520070806,-0.8782214684190894,0.814488162154023,0.20263533054474436,-0.22463990233610698,0.09389889045872435,-0.4958590242931933,-0.5412125614892769,0.3378251509616359,-0.5542315262061672,-0.7674493052721425,-0.6730525800799629,-0.04325850007672116,0.33861944682371536,-0.8248033828392605,0.8692446357033605,0.2541585910044746,-0.5793785195638799,-0.694806498669615,0.5684214457496188,-0.42370542343719597,0.5232009862669125,0.680662672934123,-0.45078817685567807,-0.925443277034673,-0.9621604204042393,-0.9041474741489313,0.25952520872924945,0.23493104830506795,-0.9072456674844611,-0.6341576019271988,0.919285373439992,-0.09552161038213547,-0.7302847381519002,-0.6166637555734862,0.4463733452384788,0.225167552412058,0.7697813281293227,0.18357131965545137,0.13206083397905388,0.11532373593053524,-0.47721742719817994,-0.5948986160052163,-0.39867200586067786,-0.022336036801389625,-0.19324744332215138,-0.9125789694071109,0.5150731818784717,0.5739365890789982,-0.306893016527501,-0.353192190024993,-0.09810901938481664,0.1909351531954251,0.14284090852423414,0.9269023817849724,0.205691893817592,0.5060802198628498,-0.09220189181139027,0.677916138453786,-0.2536221070201534,0.40108742649214335,-0.24576562709377558,-0.8175436781069918,-0.8490739484332326,0.7505233633538104,0.7455888729060454,0.04844373483898967,0.4956188215232824,0.7091855551969868,0.969319898271378,0.523427400846558,0.10398758895713445,-0.3831613388541153,0.09451788129228111,0.12606538377286625,0.0992818102700932,0.8646222949875113,-0.2855437682452522,-0.4514578972617378,-0.7888864410547216,0.39118783173758653,-0.07365561582530611,0.5567728222130528,0.193974661477482,-0.9790856893039483,-0.502243112351727,0.8069843132364001,0.9376725695455312,-0.4865501828459138,-0.9611577961225708,0.10536237650377256,0.041297918287033886,-0.8594954550496041,0.3648701444933242,-0.023571983826622844,0.47708223053245136,-0.4024739884659603,0.7777088407418953,-0.8529255738454278,0.7717322721151187,-0.43713737643108663,0.8997760841755,-0.7382746076680411,0.12959016967565717,0.7475897334339989,0.3994811404707639,0.12733138674917632,0.1570930960219692,-0.03524487350800287,-0.8596016053176716,-0.952184154408267,-0.7269359787565104,0.9170378565899457,0.5283511937429115,-0.4942756449645431,0.17180700482482592,0.7574375510179463,0.5221703863033371,-0.3833211295504806,0.15730857871984583,-0.5035210945305049,0.10517612000605525,0.44988457294787043,-0.4495036827654333,0.01969151609721198,0.3193871778476838,0.2839561964351667,0.3082784665501819,-0.04815813267277047,0.558369971071186,0.9777923143058622,0.04162683761784258,0.2835862922972556,0.9078472411360112,0.6733885397105408,0.5920600304667372,0.1696606221847483,0.10533013392632573,-0.9748716256770973,0.06631928735579407,0.412695783176787,-0.0161442152120419,-0.8496468900930696,0.812690714285746,-0.6250804692212584,-0.06346667264225037,-0.7194552633422202,-0.80631261566943,-0.16750872354653668,0.8627740357406302,0.24929805053352205,0.4462524874105471,0.3246713617902395,0.6832127510666408,0.856715704777818,0.9337523425142809,0.6831880516242359,-0.7536582637116236,0.6094422302845621,-0.17252471973293604,0.3366225262044784,0.6008518704134418,0.11882582867803726,-0.46640965642186405,0.26693593327430887,0.7759077921201192
40.93200381109597,0.9066636444603449,0.37858547978391877,0.5871253036697108,-0.3995618319084042,-0.7704984818026859,0.030075503347994026,0.9114690091916804,0.5013599267812066,0.8403407671592618,-0.7844202983224069,-0.042374934435069456,-0.5666595753736681,-0.9688461048710657,-0.6105748805284437,0.9708796040373067,-0.7899013379544684,0.3123366863525001,-0.14996657543327685,-0.9766900140172436,0.6935184301171309,-0.991742680745364,-0.8942885888248906,0.9054631946638647,0.20345041130387465,-0.07402994594121237,-0.11287260997538628,-0.28027152928648524,0.4184954180945373,-0.47102954457914614,-0.25241512683248746,0.5893738665249644,-0.16630588637721333,-0.6447211839108462,0.6654224625834093,0.5573207670870954,0.6084369733227366,0.0718729082852203,0.8500570207818436,-0.34019883278466745,0.876396224335793,-0.6780596266016512,0.6068562124883479,-0.6488240744693392,-0.9970477696457396,0.5240761519690176,-0.5246959349881806,0.4896151394125816,0.35313092496776743,0.07892681635857923,-0.3124896557386261,-0.447747824804148,-0.1947922622048861,0.18714623898592864,0.9473626345807944,0.842149972831,0.18417125582602112,-0.03457514679097895,0.8054385394639412,0.03529013221376909,-0.6124577156139501,0.7628228011082971,-0.7821644542720179,-0.27693726900994675,0.7035431988715386,0.5510982703636222,0.5869620209021233,0.4040841171900138,-0.3230231499356493,-0.9870433266460517,0.6988965008685604,-0.611543082642483,0.7570555753635708,-0.07857827833023712,0.46869639723813394,0.3915653222794324,-0.53048570356968,0.9239555457805115,-0.8011852908374322,-0.9904725290967371,0.2925131284813669,0.5788981636472987,0.9763064466934548,0.5684346143721719,-0.8453195253591805,-0.9144111164397042,0.7017614137779455,0.5551829489083739,-0.2914730625744377,-0.6940683477384,-0.3467090686847025,0.2537292398091435,-0.6758954578196001,-0.6895126256376516,0.4900009814523114,0.052385418149929475,0.9978532471774952,0.43657883800446284,-0.3302917062776365,0.4186386029110103,0.9888553520070806,-0.8782214684190894,0.814488162154023,0.20263533054474436,-0.22463990233610698,0.09389889045872435,-0.4958590242931933,-0.5412125614892769,0.3378251509616359,-0.5542315262061672,-0.7674493052721425,-0.6730525800799629,-0.04325850007672116,0.33861944682371536,-0.8248033828392605,0.8692446357033605,0.2541585910044746,-0.5793785195638799,-0.694806498669615,0.5684214457496188,-0.42370542343719597,0.5232009862669125,0.680662672934123,-0.45078817685567807,-0.925443277034673,-0.9621604204042393,-0.9041474741489313,0.25952520872924945,0.23493104830506795,-0.9072456674844611,-0.6341576019271988,0.919285373439992,-0.09552161038213547,-0.7302847381519002,-0.6166637555734862,0.4463733452384788,0.225167552412058,0.7697813281293227,0.18357131965545137,0.13206083397905388,0.11532373593053524,-0.47721742719817994,-0.5948986160052163,-0.39867200586067786,-0.022336036801389625,-0.19324744332215138,-0.9125789694071109,0.5150731818784717,0.5739365890789982,-0.306893016527501,-0.353192190024993,-0.09810901938481664,0.1909351531954251,0.14284090852423414,0.9269023817849724,0.205691893817592,0.5060802198628498,-0.09220189181139027,0.677916138453786,-0.2536221070201534,0.40108742649214335,-0.24576562709377558,-0.8175436781069918,-0.8490739484332326,0.7505233633538104,0.7455888729060454,0.04844373483898967,0.4956188215232824,0.7091855551969868,0.969319898271378,0.523427400846558,0.10398758895713445,-0.3831613388541153,0.09451788129228111,0.12606538377286625,0.0992818102700932,0.8646222949875113,-0.2855437682452522,-0.4514578972617378,-0.7888864410547216,0.39118783173758653,-0.07365561582530611,0.5567728222130528,0.193974661477482,-0.9790856893039483,-0.502243112351727,0.8069843132364001,0.9376725695455312,-0.4865501828459138,-0.9611577961225708,0.10536237650377256,0.041297918287033886,-0.8594954550496041,0.3648701444933242,-0.023571983826622844,0.47708223053245136,-0.4024739884659603,0.7777088407418953,-0.8529255738454278,0.7717322721151187,-0.43713737643108663,0.8997760841755,-0.7382746076680411,0.12959016967565717,0.7475897334339989,0.3994811404707639,0.12733138674917632,0.1570930960219692,-0.03524487350800287,-0.8596016053176716,-0.952184154408267,-0.7269359787565104,0.9170378565899457,0.5283511937429115,-0.4942756449645431,0.17180700482482592,0.7574375510179463,0.5221703863033371,-0.3833211295504806,0.15730857871984583,-0.5035210945305049,0.10517612000605525,0.44988457294787043,-0.4495036827654333,0.01969151609721198,0.3193871778476838,0.2839561964351667,0.3082784665501819,-0.04815813267277047,0.558369971071186,0.9777923143058622,0.04162683761784258,0.2835862922972556,0.9078472411360112,0.6733885397105408,0.5920600304667372,0.1696606221847483,0.10533013392632573,-0.9748716256770973,0.06631928735579407,0.412695783176787,-0.0161442152120419,-0.8496468900930696,0.812690714285746,-0.6250804692212584,-0.06346667264225037,-0.7194552633422202,-0.80631261566943,-0.16750872354653668,0.8627740357406302,0.24929805053352205,0.4462524874105471,0.3246713617902395,0.6832127510666408,0.856715704777818,0.9337523425142809,0.6831880516242359,-0.7536582637116236,0.6094422302845621,-0.17252471973293604,0.3366225262044784,0.6008518704134418,0.11882582867803726,-0.46640965642186405,0.26693593327430887,0.7759077921201192
40.93200381109597,0.9066636444603449,0.37858547978391877,0.5871253036697108,-0.3995618319084042,-0.7704984818026859,0.030075503347994026,0.9114690091916804,0.5013599267812066,0.8403407671592618,-0.7844202983224069,-0.042374934435069456,-0.5666595753736681,-0.9688461048710657,-0.6105748805284437,0.9708796040373067,-0.7899013379544684,0.3123366863525001,-0.14996657543327685,-0.9766900140172436,0.6935184301171309,-0.991742680745364,-0.8942885888248906,0.9054631946638647,0.20345041130387465,-0.07402994594121237,-0.11287260997538628,-0.28027152928648524,0.4184954180945373,-0.47102954457914614,-0.25241512683248746,0.5893738665249644,-0.16630588637721333,-0.6447211839108462,0.6654224625834093,0.5573207670870954,0.6084369733227366,0.0718729082852203,0.8500570207818436,-0.34019883278466745,0.876396224335793,-0.6780596266016512,0.6068562124883479,-0.6488240744693392,-0.9970477696457396,0.5240761519690176,-0.5246959349881806,0.4896151394125816,0.35313092496776743,0.07892681635857923,-0.3124896557386261,-0.447747824804148,-0.1947922622048861,0.18714623898592864,0.9473626345807944,0.842149972831,0.18417125582602112,-0.03457514679097895,0.8054385394639412,0.03529013221376909,-0.6124577156139501,0.7628228011082971,-0.7821644542720179,-0.27693726900994675,0.7035431988715386,0.5510982703636222,0.5869620209021233,0.4040841171900138,-0.3230231499356493,-0.9870433266460517,0.6988965008685604,-0.611543082642483,0.7570555753635708,-0.07857827833023712,0.46869639723813394,0.3915653222794324,-0.53048570356968,0.9239555457805115,-0.8011852908374322,-0.9904725290967371,0.2925131284813669,0.5788981636472987,0.9763064466934548,0.5684346143721719,-0.8453195253591805,-0.9144111164397042,0.7017614137779455,0.5551829489083739,-0.2914730625744377,-0.6940683477384,-0.3467090686847025,0.2537292398091435,-0.6758954578196001,-0.6895126256376516,0.4900009814523114,0.052385418149929475,0.9978532471774952,0.43657883800446284,-0.3302917062776365,0.4186386029110103,0.9888553520070806,-0.8782214684190894,0.814488162154023,0.20263533054474436,-0.22463990233610698,0.09389889045872435,-0.4958590242931933,-0.5412125614892769,0.3378251509616359,-0.5542315262061672,-0.7674493052721425,-0.6730525800799629,-0.04325850007672116,0.33861944682371536,-0.8248033828392605,0.8692446357033605,0.2541585910044746,-0.5793785195638799,-0.694806498669615,0.5684214457496188,-0.42370542343719597,0.5232009862669125,0.680662672934123,-0.45078817685567807,-0.925443277034673,-0.9621604204042393,-0.9041474741489313,0.25952520872924945,0.23493104830506795,-0.9072456674844611,-0.6341576019271988,0.919285373439992,-0.09552161038213547,-0.7302847381519002,-0.6166637555734862,0.4463733452384788,0.225167552412058,0.7697813281293227,0.18357131965545137,0.13206083397905388,0.11532373593053524,-0.47721742719817994,-0.5948986160052163,-0.39867200586067786,-0.022336036801389625,-0.19324744332215138,-0.9125789694071109,0.5150731818784717,0.5739365890789982,-0.306893016527501,-0.353192190024993,-0.09810901938481664,0.1909351531954251,0.14284090852423414,0.9269023817849724,0.205691893817592,0.5060802198628498,-0.09220189181139027,0.677916138453786,-0.2536221070201534,0.40108742649214335,-0.24576562709377558,-0.8175436781069918,-0.8490739484332326,0.7505233633538104,0.7455888729060454,0.04844373483898967,0.4956188215232824,0.7091855551969868,0.969319898271378,0.523427400846558,0.10398758895713445,-0.3831613388541153,0.09451788129228111,0.12606538377286625,0.0992818102700932,0.8646222949875113,-0.2855437682452522,-0.4514578972617378,-0.7888864410547216,0.39118783173758653,-0.07365561582530611,0.5567728222130528,0.193974661477482,-0.9790856893039483,-0.502243112351727,0.8069843132364001,0.9376725695455312,-0.4865501828459138,-0.9611577961225708,0.10536237650377256,0.041297918287033886,-0.8594954550496041,0.3648701444933242,-0.023571983826622844,0.47708223053245136,-0.4024739884659603,0.7777088407418953,-0.8529255738454278,0.7717322721151187,-0.43713737643108663,0.8997760841755,-0.7382746076680411,0.12959016967565717,0.7475897334339989,0.3994811404707639,0.12733138674917632,0.1570930960219692,-0.03524487350800287,-0.8596016053176716,-0.952184154408267,-0.7269359787565104,0.9170378565899457,0.5283511937429115,-0.4942756449645431,0.17180700482482592,0.7574375510179463,0.5221703863033371,-0.3833211295504806,0.15730857871984583,-0.5035210945305049,0.10517612000605525,0.44988457294787043,-0.4495036827654333,0.01969151609721198,0.3193871778476838,0.2839561964351667,0.3082784665501819,-0.04815813267277047,0.558369971071186,0.9777923143058622,0.04162683761784258,0.2835862922972556,0.9078472411360112,0.6733885397105408,0.5920600304667372,0.1696606221847483,0.10533013392632573,-0.9748716256770973,0.06631928735579407,0.412695783176787,-0.0161442152120419,-0.8496468900930696,0.812690714285746,-0.6250804692212584,-0.06346667264225037,-0.7194552633422202,-0.80631261566943,-0.16750872354653668,0.8627740357406302,0.24929805053352205,0.4462524874105471,0.3246713617902395,0.6832127510666408,0.856715704777818,0.9337523425142809,0.6831880516242359,-0.7536582637116236,0.6094422302845621,-0.17252471973293604,0.3366225262044784,0.6008518704134418,0.11882582867803726,-0.46640965642186405,0.26693593327430887,0.7759077921201192
46.673454258808476,0.9066636444603449,0.37858547978391877,0.5871253036697108,-0.3995618319084042,-0.7704984818026859,0.030075503347994026,0.9114690091916804,0.5013599267812066,0.8403407671592618,-0.7844202983224069,-0.042374934435069456,-0.5666595753736681,-0.9688461048710657,-0.6105748805284437,0.9708796040373067,-0.7899013379544684,0.3123366863525001,-0.14996657543327685,-0.9766900140172436,0.6935184301171309,-0.991742680745364,-0.8942885888248906,0.9054631946638647,0.20345041130387465,-0.07402994594121237,-0.22934422705930224,-0.28027152928648524,0.4184954180945373,-0.47102954457914614,-0.25241512683248746,0.5893738665249644,-0.16630588637721333,-0.6447211839108462,0.6654224625834093,0.5573207670870954,0.6084369733227366,0.0718729082852203,0.10614170349900309,-0.34019883278466745,0.876396224335793,-0.6780596266016512,0.10415646420799685,-0.9982826559079361,-0.9970477696457396,0.5240761519690176,-0.5246959349881806,0.4896151394125816,0.35313092496776743,0.07892681635857923,-0.3124896557386261,-0.447747824804148,-0.1947922622048861,0.18714623898592864,0.9473626345807944,0.842149972831,0.18417125582602112,-0.03457514679097895,0.8054385394639412,0.7911105973319856,-0.6124577156139501,0.7628228011082971,-0.7821644542720179,-0.27693726900994675,0.7035431988715386,0.5510982703636222,0.5869620209021233,0.4040841171900138,0.8841284468831949,-0.9870433266460517,0.6988965008685604,-0.611543082642483,0.7570555753635708,-0.07857827833023712,0.46869639723813394,0.3915653222794324,-0.53048570356968,0.9239555457805115,-0.8011852908374322,0.6744610463101739,0.2925131284813669,0.5788981636472987,0.9763064466934548,0.5684346143721719,-0.8453195253591805,-0.9144111164397042,0.7017614137779455,0.5551829489083739,-0.2914730625744377,-0.6940683477384,-0.3467090686847025,0.6851572865699329,-0.6758954578196001,-0.6895126256376516,0.4900009814523114,0.052385418149929475,0.9978532471774952,0.43657883800446284,-0.3302917062776365,-0.15311916390543256,0.9888553520070806,-0.8782214684190894,0.814488162154023,-0.6798323497872736,-0.22463990233610698,0.09389889045872435,-0.4958590242931933,-0.5412125614892769,0.3378251509616359,-0.5542315262061672,-0.7674493052721425,-0.6730525800799629,-0.8819053641437962,0.33861944682371536,-0.8248033828392605,0.8692446357033605,0.2541585910044746,-0.5793785195638799,-0.694806498669615,0.5684214457496188,-0.42370542343719597,0.5232009862669125,0.680662672934123,-0.45078817685567807,-0.925443277034673,-0.9621604204042393,-0.9041474741489313,0.25952520872924945,0.23493104830506795,-0.9072456674844611,-0.6341576019271988,0.919285373439992,-0.09552161038213547,-0.7302847381519002,-0.6166637555734862,0.4463733452384788,0.225167552412058,0.7697813281293227,0.18357131965545137,0.13206083397905388,0.11532373593053524,-0.47721742719817994,-0.5948986160052163,-0.39867200586067786,-0.022336036801389625,-0.19324744332215138,-0.9125789694071109,0.5150731818784717,0.5739365890789982,-0.306893016527501,-0.353192190024993,-0.09810901938481664,0.1909351531954251,0.14284090852423414,0.9269023817849724,0.205691893817592,0.5060802198628498,-0.09220189181139027,0.677916138453786,-0.2536221070201534,0.40108742649214335,-0.24576562709377558,-0.8175436781069918,-0.8490739484332326,0.7505233633538104,0.7455888729060454,0.04844373483898967,0.4956188215232824,0.7091855551969868,0.969319898271378,0.523427400846558,0.10398758895713445,-0.3831613388541153,0.09451788129228111,0.12606538377286625,0.0992818102700932,0.8646222949875113,-0.2855437682452522,-0.4514578972617378,-0.7888864410547216,0.39118783173758653,-0.07365561582530611,0.5567728222130528,-0.07880647522161155,-0.9790856893039483,-0.502243112351727,0.902634303638082,0.9376725695455312,-0.4865501828459138,-0.9611577961225708,0.10536237650377256,0.041297918287033886,-0.8594954550496041,0.3648701444933242,-0.023571983826622844,0.47708223053245136,-0.4024739884659603,-0.6675056054588908,-0.8529255738454278,0.7717322721151187,-0.43713737643108663,0.8997760841755,-0.7382746076680411,0.12959016967565717,0.7475897334339989,0.3994811404707639,0.12733138674917632,0.1570930960219692,-0.03524487350800287,-0.8596016053176716,-0.952184154408267,-0.7269359787565104,0.9170378565899457,0.5283511937429115,-0.4942756449645431,0.17180700482482592,0.7574375510179463,0.5221703863033371,-0.3833211295504806,0.15730857871984583,-0.5035210945305049,0.6042700368954208,0.44988457294787043,-0.4495036827654333,0.01969151609721198,0.3193871778476838,0.2839561964351667,0.3082784665501819,-0.04815813267277047,0.558369971071186,0.9777923143058622,0.04162683761784258,0.2835862922972556,0.5667094587379262,0.6733885397105408,0.5920600304667372,0.1696606221847483,0.10533013392632573,-0.9748716256770973,0.06631928735579407,0.412695783176787,-0.0161442152120419,-0.8496468900930696,0.812690714285746,-0.6250804692212584,-0.06346667264225037,-0.7194552633422202,-0.80631261566943,-0.16750872354653668,0.8627740357406302,0.24929805053352205,0.06472211106063641,0.3246713617902395,0.6832127510666408,0.856715704777818,0.9337523425142809,0.6831880516242359,-0.7536582637116236,0.540207404487465,-0.17252471973293604,0.3366225262044784,0.6008518704134418,0.11882582867803726,-0.46640965642186405,0.26693593327430887,0.7759077921201192
46.673454258808476,0.9066636444603449,0.37858547978391877,0.5871253036697108,-0.3995618319084042,-0.7704984818026859,0.030075503347994026,0.9114690091916804,0.5013599267812066,0.8403407671592618,-0.7844202983224069,-0.042374934435069456,-0.5666595753736681,-0.9688461048710657,-0.6105748805284437,0.9708796040373067,-0.7899013379544684,0.3123366863525001,-0.14996657543327685,-0.9766900140172436,0.6935184301171309,-0.991742680745364,-0.8942885888248906,0.9054631946638647,0.20345041130387465,-0.07402994594121237,-0.22934422705930224,-0.28027152928648524,0.4184954180945373,-0.47102954457914614,-0.25241512683248746,0.5893738665249644,-0.16630588637721333,-0.6447211839108462,0.6654224625834093,0.5573207670870954,0.6084369733227366,0.0718729082852203,0.10614170349900309,-0.34019883278466745,0.876396224335793,-0.6780596266016512,0.10415646420799685,-0.9982826559079361,-0.9970477696457396,0.5240761519690176,-0.5246959349881806,0.4896151394125816,0.35313092496776743,0.07892681635857923,-0.3124896557386261,-0.447747824804148,-0.1947922622048861,0.18714623898592864,0.9473626345807944,0.842149972831,0.18417125582602112,-0.03457514679097895,0.8054385394639412,0.7911105973319856,-0.6124577156139501,0.7628228011082971,-0.7821644542720179,-0.27693726900994675,0.7035431988715386,0.5510982703636222,0.5869620209021233,0.4040841171900138,0.8841284468831949,-0.9870433266460517,0.6988965008685604,-0.611543082642483,0.7570555753635708,-0.07857827833023712,0.46869639723813394,0.3915653222794324,-0.53048570356968,0.9239555457805115,-0.8011852908374322,0.6744610463101739,0.2925131284813669,0.5788981636472987,0.9763064466934548,0.5684346143721719,-0.8453195253591805,-0.9144111164397042,0.7017614137779455,0.5551829489083739,-0.2914730625744377,-0.6940683477384,-0.3467090686847025,0.6851572865699329,-0.6758954578196001,-0.6895126256376516,0.4900009814523114,0.052385418149929475,0.9978532471774952,0.43657883800446284,-0.3302917062776365,-0.15311916390543256,0.9888553520070806,-0.8782214684190894,0.814488162154023,-0.6798323497872736,-0.22463990233610698,0.09389889045872435,-0.4958590242931933,-0.5412125614892769,0.3378251509616359,-0.5542315262061672,-0.7674493052721425,-0.6730525800799629,-0.8819053641437962,0.33861944682371536,-0.8248033828392605,0.8692446357033605,0.2541585910044746,-0.5793785195638799,-0.694806498669615,0.5684214457496188,-0.42370542343719597,0.5232009862669125,0.680662672934123,-0.45078817685567807,-0.925443277034673,-0.9621604204042393,-0.9041474741489313,0.25952520872924945,0.23493104830506795,-0.9072456674844611,-0.6341576019271988,0.919285373439992,-0.09552161038213547,-0.7302847381519002,-0.6166637555734862,0.4463733452384788,0.225167552412058,0.7697813281293227,0.18357131965545137,0.13206083397905388,0.11532373593053524,-0.47721742719817994,-0.5948986160052163,-0.39867200586067786,-0.022336036801389625,-0.19324744332215138,-0.9125789694071109,0.5150731818784717,0.5739365890789982,-0.306893016527501,-0.353192190024993,-0.09810901938481664,0.1909351531954251,0.14284090852423414,0.9269023817849724,0.205691893817592,0.5060802198628498,-0.09220189181139027,0.677916138453786,-0.2536221070201534,0.40108742649214335,-0.24576562709377558,-0.8175436781069918,-0.8490739484332326,0.7505233633538104,0.7455888729060454,0.04844373483898967,0.4956188215232824,0.7091855551969868,0.969319898271378,0.523427400846558,0.10398758895713445,-0.3831613388541153,0.09451788129228111,0.12606538377286625,0.0992818102700932,0.8646222949875113,-0.2855437682452522,-0.4514578972617378,-0.7888864410547216,0.39118783173758653,-0.07365561582530611,0.5567728222130528,-0.07880647522161155,-0.9790856893039483,-0.502243112351727,0.902634303638082,0.9376725695455312,-0.4865501828459138,-0.9611577961225708,0.10536237650377256,0.041297918287033886,-0.8594954550496041,0.3648701444933242,-0.023571983826622844,0.47708223053245136,-0.4024739884659603,-0.6675056054588908,-0.8529255738454278,0.7717322721151187,-0.43713737643108663,0.8997760841755,-0.7382746076680411,0.12959016967565717,0.7475897334339989,0.3994811404707639,0.12733138674917632,0.1570930960219692,-0.03524487350800287,-0.8596016053176716,-0.952184154408267,-0.7269359787565104,0.9170378565899457,0.5283511937429115,-0.4942756449645431,0.17180700482482592,0.7574375510179463,0.5221703863033371,-0.3833211295504806,0.15730857871984583,-0.5035210945305049,0.6042700368954208,0.44988457294787043,-0.4495036827654333,0.01969151609721198,0.3193871778476838,0.2839561964351667,0.3082784665501819,-0.04815813267277047,0.558369971071186,0.9777923143058622,0.04162683761784258,0.2835862922972556,0.5667094587379262,0.6733885397105408,0.5920600304667372,0.1696606221847483,0.10533013392632573,-0.9748716256770973,0.06631928735579407,0.412695783176787,-0.0161442152120419,-0.8496468900930696,0.812690714285746,-0.6250804692212584,-0.06346667264225037,-0.7194552633422202,-0.80631261566943,-0.16750872354653668,0.8627740357406302,0.24929805053352205,0.06472211106063641,0.3246713617902395,0.6832127510666408,0.856715704777818,0.9337523425142809,0.6831880516242359,-0.7536582637116236,0.540207404487465,-0.17252471973293604,0.3366225262044784,0.6008518704134418,0.11882582867803726,-0.46640965642186405,0.26693593327430887,0.7759077921201192
46.673454258808476,0.9066636444603449,0.37858547978391877,0.5871253036697108,-0.3995618319084042,-0.7704984818026859,0.030075503347994026,0.9114690091916804,0.5013599267812066,0.8403407671592618,-0.7844202983224069,-0.042374934435069456,-0.5666595753736681,-0.9688461048710657,-0.6105748805284437,0.9708796040373067,-0.7899013379544684,0.3123366863525001,-0.14996657543327685,-0.9766900140172436,0.6935184301171309,-0.991742680745364,-0.8942885888248906,0.9054631946638647,0.20345041130387465,-0.07402994594121237,-0.22934422705930224,-0.28027152928648524,0.4184954180945373,-0.47102954457914614,-0.25241512683248746,0.5893738665249644,-0.16630588637721333,-0.6447211839108462,0.6654224625834093,0.5573207670870954,0.6084369733227366,0.0718729082852203,0.10614170349900309,-0.34019883278466745,0.876396224335793,-0.6780596266016512,0.10415646420799685,-0.9982826559079361,-0.9970477696457396,0.5240761519690176,-0.5246959349881806,0.4896151394125816,0.35313092496776743,0.07892681635857923,-0.3124896557386261,-0.447747824804148,-0.1947922622048861,0.18714623898592864,0.9473626345807944,0.842149972831,0.18417125582602112,-0.03457514679097895,0.8054385394639412,0.7911105973319856,-0.6124577156139501,0.7628228011082971,-0.7821644542720179,-0.27693726900994675,0.7035431988715386,0.5510982703636222,0.5869620209021233,0.4040841171900138,0.8841284468831949,-0.9870433266460517,0.6988965008685604,-0.611543082642483,0.7570555753635708,-0.07857827833023712,0.46869639723813394,0.3915653222794324,-0.53048570356968,0.9239555457805115,-0.8011852908374322,0.6744610463101739,0.2925131284813669,0.5788981636472987,0.9763064466934548,0.5684346143721719,-0.8453195253591805,-0.9144111164397042,0.7017614137779455,0.5551829489083739,-0.2914730625744377,-0.6940683477384,-0.3467090686847025,0.6851572865699329,-0.6758954578196001,-0.6895126256376516,0.4900009814523114,0.052385418149929475,0.9978532471774952,0.43657883800446284,-0.3302917062776365,-0.15311916390543256,0.9888553520070806,-0.8782214684190894,0.814488162154023,-0.6798323497872736,-0.22463990233610698,0.09389889045872435,-0.4958590242931933,-0.5412125614892769,0.3378251509616359,-0.5542315262061672,-0.7674493052721425,-0.6730525800799629,-0.8819053641437962,0.33861944682371536,-0.8248033828392605,0.8692446357033605,0.2541585910044746,-0.5793785195638799,-0.694806498669615,0.5684214457496188,-0.42370542343719597,0.5232009862669125,0.680662672934123,-0.45078817685567807,-0.925443277034673,-0.9621604204042393,-0.9041474741489313,0.25952520872924945,0.23493104830506795,-0.9072456674844611,-0.6341576019271988,0.919285373439992,-0.09552161038213547,-0.7302847381519002,-0.6166637555734862,0.4463733452384788,0.225167552412058,0.7697813281293227,0.18357131965545137,0.13206083397905388,0.11532373593053524,-0.47721742719817994,-0.5948986160052163,-0.39867200586067786,-0.022336036801389625,-0.19324744332215138,-0.9125789694071109,0.5150731818784717,0.5739365890789982,-0.306893016527501,-0.353192190024993,-0.09810901938481664,0.1909351531954251,0.14284090852423414,0.9269023817849724,0.205691893817592,0.5060802198628498,-0.09220189181139027,0.677916138453786,-0.2536221070201534,0.40108742649214335,-0.24576562709377558,-0.8175436781069918,-0.8490739484332326,0.7505233633538104,0.7455888729060454,0.04844373483898967,0.4956188215232824,0.7091855551969868,0.969319898271378,0.523427400846558,0.10398758895713445,-0.3831613388541153,0.09451788129228111,0.12606538377286625,0.0992818102700932,0.8646222949875113,-0.2855437682452522,-0.4514578972617378,-0.7888864410547216,0.39118783173758653,-0.07365561582530611,0.5567728222130528,-0.07880647522161155,-0.9790856893039483,-0.502243112351727,0.902634303638082,0.9376725695455312,-0.4865501828459138,-0.9611577961225708,0.10536237650377256,0.041297918287033886,-0.8594954550496041,0.3648701444933242,-0.023571983826622844,0.47708223053245136,-0.4024739884659603,-0.6675056054588908,-0.8529255738454278,0.7717322721151187,-0.43713737643108663,0.8997760841755,-0.7382746076680411,0.12959016967565717,0.7475897334339989,0.3994811404707639,0.12733138674917632,0.1570930960219692,-0.03524487350800287,-0.8596016053176716,-0.952184154408267,-0.7269359787565104,0.9170378565899457,0.5283511937429115,-0.4942756449645431,0.17180700482482592,0.7574375510179463,0.5221703863033371,-0.3833211295504806,0.15730857871984583,-0.5035210945305049,0.6042700368954208,0.44988457294787043,-0.4495036827654333,0.01969151609721198,0.3193871778476838,0.2839561964351667,0.3082784665501819,-0.04815813267277047,0.558369971071186,0.9777923143058622,0.04162683761784258,0.2835862922972556,0.5667094587379262,0.6733885397105408,0.5920600304667372,0.1696606221847483,0.10533013392632573,-0.9748716256770973,0.06631928735579407,0.412695783176787,-0.0161442152120419,-0.8496468900930696,0.812690714285746,-0.6250804692212584,-0.06346667264225037,-0.7194552633422202,-0.80631261566943,-0.16750872354653668,0.8627740357406302,0.24929805053352205,0.06472211106063641,0.3246713617902395,0.6832127510666408,0.856715704777818,0.9337523425142809,0.6831880516242359,-0.7536582637116236,0.540207404487465,-0.17252471973293604,0.3366225262044784,0.6008518704134418,0.11882582867803726,-0.46640965642186405,0.26693593327430887,0.7759077921201192
46.673454258808476,0.9066636444603449,0.37858547978391877,0.5871253036697108,-0.3995618319084042,-0.7704984818026859,0.030075503347994026,0.9114690091916804,0.5013599267812066,0.8403407671592618,-0.7844202983224069,-0.042374934435069456,-0.5666595753736681,-0.9688461048710657,-0.6105748805284437,0.9708796040373067,-0.7899013379544684,0.3123366863525001,-0.14996657543327685,-0.9766900140172436,0.6935184301171309,-0.991742680745364,-0.8942885888248906,0.9054631946638647,0.20345041130387465,-0.07402994594121237,-0.22934422705930224,-0.28027152928648524,0.4184954180945373,-0.47102954457914614,-0.25241512683248746,0.5893738665249644,-0.16630588637721333,-0.6447211839108462,0.6654224625834093,0.5573207670870954,0.6084369733227366,0.0718729082852203,0.10614170349900309,-0.34019883278466745,0.876396224335793,-0.6780596266016512,0.10415646420799685,-0.9982826559079361,-0.9970477696457396,0.5240761519690176,-0.5246959349881806,0.4896151394125816,0.35313092496776743,0.07892681635857923,-0.3124896557386261,-0.447747824804148,-0.1947922622048861,0.18714623898592864,0.9473626345807944,0.842149972831,0.18417125582602112,-0.03457514679097895,0.8054385394639412,0.7911105973319856,-0.6124577156139501,0.7628228011082971,-0.7821644542720179,-0.27693726900994675,0.7035431988715386,0.5510982703636222,0.5869620209021233,0.4040841171900138,0.8841284468831949,-0.9870433266460517,0.6988965008685604,-0.611543082642483,0.7570555753635708,-0.07857827833023712,0.46869639723813394,0.3915653222794324,-0.53048570356968,0.9239555457805115,-0.8011852908374322,0.6744610463101739,0.2925131284813669,0.5788981636472987,0.9763064466934548,0.5684346143721719,-0.8453195253591805,-0.9144111164397042,0.7017614137779455,0.5551829489083739,-0.2914730625744377,-0.6940683477384,-0.3467090686847025,0.6851572865699329,-0.6758954578196001,-0.6895126256376516,0.4900009814523114,0.052385418149929475,0.9978532471774952,0.43657883800446284,-0.3302917062776365,-0.15311916390543256,0.9888553520070806,-0.8782214684190894,0.814488162154023,-0.6798323497872736,-0.22463990233610698,0.09389889045872435,-0.4958590242931933,-0.5412125614892769,0.3378251509616359,-0.5542315262061672,-0.7674493052721425,-0.6730525800799629,-0.8819053641437962,0.33861944682371536,-0.8248033828392605,0.8692446357033605,0.2541585910044746,-0.5793785195638799,-0.694806498669615,0.5684214457496188,-0.42370542343719597,0.5232009862669125,0.680662672934123,-0.45078817685567807,-0.925443277034673,-0.9621604204042393,-0.9041474741489313,0.25952520872924945,0.23493104830506795,-0.9072456674844611,-0.6341576019271988,0.919285373439992,-0.09552161038213547,-0.7302847381519002,-0.6166637555734862,0.4463733452384788,0.225167552412058,0.7697813281293227,0.18357131965545137,0.13206083397905388,0.11532373593053524,-0.47721742719817994,-0.5948986160052163,-0.39867200586067786,-0.022336036801389625,-0.19324744332215138,-0.9125789694071109,0.5150731818784717,0.5739365890789982,-0.306893016527501,-0.353192190024993,-0.09810901938481664,0.1909351531954251,0.14284090852423414,0.9269023817849724,0.205691893817592,0.5060802198628498,-0.09220189181139027,0.677916138453786,-0.2536221070201534,0.40108742649214335,-0.24576562709377558,-0.8175436781069918,-0.8490739484332326,0.7505233633538104,0.7455888729060454,0.04844373483898967,0.4956188215232824,0.7091855551969868,0.969319898271378,0.523427400846558,0.10398758895713445,-0.3831613388541153,0.09451788129228111,0.12606538377286625,0.0992818102700932,0.8646222949875113,-0.2855437682452522,-0.4514578972617378,-0.7888864410547216,0.39118783173758653,-0.07365561582530611,0.5567728222130528,-0.07880647522161155,-0.9790856893039483,-0.502243112351727,0.902634303638082,0.9376725695455312,-0.4865501828459138,-0.9611577961225708,0.10536237650377256,0.041297918287033886,-0.8594954550496041,0.3648701444933242,-0.023571983826622844,0.47708223053245136,-0.4024739884659603,-0.6675056054588908,-0.8529255738454278,0.7717322721151187,-0.43713737643108663,0.8997760841755,-0.7382746076680411,0.12959016967565717,0.7475897334339989,0.3994811404707639,0.12733138674917632,0.1570930960219692,-0.03524487350800287,-0.8596016053176716,-0.952184154408267,-0.7269359787565104,0.9170378565899457,0.5283511937429115,-0.4942756449645431,0.17180700482482592,0.7574375510179463,0.5221703863033371,-0.3833211295504806,0.15730857871984583,-0.5035210945305049,0.6042700368954208,0.44988457294787043,-0.4495036827654333,0.01969151609721198,0.3193871778476838,0.2839561964351667,0.3082784665501819,-0.04815813267277047,0.558369971071186,0.9777923143058622,0.04162683761784258,0.2835862922972556,0.5667094587379262,0.6733885397105408,0.5920600304667372,0.1696606221847483,0.10533013392632573,-0.9748716256770973,0.06631928735579407,0.412695783176787,-0.0161442152120419,-0.8496468900930696,0.812690714285746,-0.6250804692212584,-0.06346667264225037,-0.7194552633422202,-0.80631261566943,-0.16750872354653668,0.8627740357406302,0.24929805053352205,0.06472211106063641,0.3246713617902395,0.6832127510666408,0.856715704777818,0.9337523425142809,0.6831880516242359,-0.7536582637116236,0.540207404487465,-0.17252471973293604,0.3366225262044784,0.6008518704134418,0.11882582867803726,-0.46640965642186405,0.26693593327430887,0.7759077921201192
46.673454258808476,0.9066636444603449,0.37858547978391877,0.5871253036697108,-0.3995618319084042,-0.7704984818026859,0.030075503347994026,0.9114690091916804,0.5013599267812066,0.8403407671592618,-0.7844202983224069,-0.042374934435069456,-0.5666595753736681,-0.9688461048710657,-0.6105748805284437,0.9708796040373067,-0.7899013379544684,0.3123366863525001,-0.14996657543327685,-0.9766900140172436,0.6935184301171309,-0.991742680745364,-0.8942885888248906,0.9054631946638647,0.20345041130387465,-0.07402994594121237,-0.22934422705930224,-0.28027152928648524,0.4184954180945373,-0.47102954457914614,-0.25241512683248746,0.5893738665249644,-0.16630588637721333,-0.6447211839108462,0.6654224625834093,0.5573207670870954,0.6084369733227366,0.0718729082852203,0.10614170349900309,-0.34019883278466745,0.876396224335793,-0.6780596266016512,0.10415646420799685,-0.9982826559079361,-0.9970477696457396,0.5240761519690176,-0.5246959349881806,0.4896151394125816,0.35313092496776743,0.07892681635857923,-0.3124896557386261,-0.447747824804148,-0.1947922622048861,0.18714623898592864,0.9473626345807944,0.842149972831,0.18417125582602112,-0.03457514679097895,0.8054385394639412,0.7911105973319856,-0.6124577156139501,0.7628228011082971,-0.7821644542720179,-0.27693726900994675,0.7035431988715386,0.5510982703636222,0.5869620209021233,0.4040841171900138,0.8841284468831949,-0.9870433266460517,0.6988965008685604,-0.611543082642483,0.7570555753635708,-0.07857827833023712,0.46869639723813394,0.3915653222794324,-0.53048570356968,0.9239555457805115,-0.8011852908374322,0.6744610463101739,0.2925131284813669,0.5788981636472987,0.9763064466934548,0.5684346143721719,-0.8453195253591805,-0.9144111164397042,0.7017614137779455,0.5551829489083739,-0.2914730625744377,-0.6940683477384,-0.3467090686847025,0.6851572865699329,-0.6758954578196001,-0.6895126256376516,0.4900009814523114,0.052385418149929475,0.9978532471774952,0.43657883800446284,-0.3302917062776365,-0.15311916390543256,0.9888553520070806,-0.8782214684190894,0.814488162154023,-0.6798323497872736,-0.22463990233610698,0.09389889045872435,-0.4958590242931933,-0.5412125614892769,0.3378251509616359,-0.5542315262061672,-0.7674493052721425,-0.6730525800799629,-0.8819053641437962,0.33861944682371536,-0.8248033828392605,0.8692446357033605,0.2541585910044746,-0.5793785195638799,-0.694806498669615,0.5684214457496188,-0.42370542343719597,0.5232009862669125,0.680662672934123,-0.45078817685567807,-0.925443277034673,-0.9621604204042393,-0.9041474741489313,0.25952520872924945,0.23493104830506795,-0.9072456674844611,-0.6341576019271988,0.919285373439992,-0.09552161038213547,-0.7302847381519002,-0.6166637555734862,0.4463733452384788,0.225167552412058,0.7697813281293227,0.18357131965545137,0.13206083397905388,0.11532373593053524,-0.47721742719817994,-0.5948986160052163,-0.39867200586067786,-0.022336036801389625,-0.19324744332215138,-0.9125789694071109,0.5150731818784717,0.5739365890789982,-0.306893016527501,-0.353192190024993,-0.09810901938481664,0.1909351531954251,0.14284090852423414,0.9269023817849724,0.205691893817592,0.5060802198628498,-0.09220189181139027,0.677916138453786,-0.2536221070201534,0.40108742649214335,-0.24576562709377558,-0.8175436781069918,-0.8490739484332326,0.7505233633538104,0.7455888729060454,0.04844373483898967,0.4956188215232824,0.7091855551969868,0.969319898271378,0.523427400846558,0.10398758895713445,-0.3831613388541153,0.09451788129228111,0.12606538377286625,0.0992818102700932,0.8646222949875113,-0.2855437682452522,-0.4514578972617378,-0.7888864410547216,0.39118783173758653,-0.07365561582530611,0.5567728222130528,-0.07880647522161155,-0.9790856893039483,-0.502243112351727,0.902634303638082,0.9376725695455312,-0.4865501828459138,-0.9611577961225708,0.10536237650377256,0.041297918287033886,-0.8594954550496041,0.3648701444933242,-0.023571983826622844,0.47708223053245136,-0.4024739884659603,-0.6675056054588908,-0.8529255738454278,0.7717322721151187,-0.43713737643108663,0.8997760841755,-0.7382746076680411,0.12959016967565717,0.7475897334339989,0.3994811404707639,0.12733138674917632,0.1570930960219692,-0.03524487350800287,-0.8596016053176716,-0.952184154408267,-0.7269359787565104,0.9170378565899457,0.5283511937429115,-0.4942756449645431,0.17180700482482592,0.7574375510179463,0.5221703863033371,-0.3833211295504806,0.15730857871984583,-0.5035210945305049,0.6042700368954208,0.44988457294787043,-0.4495036827654333,0.01969151609721198,0.3193871778476838,0.2839561964351667,0.3082784665501819,-0.04815813267277047,0.558369971071186,0.9777923143058622,0.04162683761784258,0.2835862922972556,0.5667094587379262,0.6733885397105408,0.5920600304667372,0.1696606221847483,0.10533013392632573,-0.9748716256770973,0.06631928735579407,0.412695783176787,-0.0161442152120419,-0.8496468900930696,0.812690714285746,-0.6250804692212584,-0.06346667264225037,-0.7194552633422202,-0.80631261566943,-0.16750872354653668,0.8627740357406302,0.24929805053352205,0.06472211106063641,0.3246713617902395,0.6832127510666408,0.856715704777818,0.9337523425142809,0.6831880516242359,-0.7536582637116236,0.540207404487465,-0.17252471973293604,0.3366225262044784,0.6008518704134418,0.11882582867803726,-0.46640965642186405,0.26693593327430887,0.7759077921201192
46.673454258808476,0.9066636444603449,0.37858547978391877,0.5871253036697108,-0.3995618319084042,-0.7704984818026859,0.030075503347994026,0.9114690091916804,0.5013599267812066,0.8403407671592618,-0.7844202983224069,-0.042374934435069456,-0.5666595753736681,-0.9688461048710657,-0.6105748805284437,0.9708796040373067,-0.7899013379544684,0.3123366863525001,-0.14996657543327685,-0.9766900140172436,0.6935184301171309,-0.991742680745364,-0.8942885888248906,0.9054631946638647,0.20345041130387465,-0.07402994594121237,-0.22934422705930224,-0.28027152928648524,0.4184954180945373,-0.47102954457914614,-0.25241512683248746,0.5893738665249644,-0.16630588637721333,-0.6447211839108462,0.6654224625834093,0.5573207670870954,0.6084369733227366,0.0718729082852203,0.10614170349900309,-0.34019883278466745,0.876396224335793,-0.6780596266016512,0.10415646420799685,-0.9982826559079361,-0.9970477696457396,0.5240761519690176,-0.5246959349881806,0.4896151394125816,0.35313092496776743,0.07892681635857923,-0.3124896557386261,-0.447747824804148,-0.1947922622048861,0.18714623898592864,0.9473626345807944,0.842149972831,0.18417125582602112,-0.03457514679097895,0.8054385394639412,0.7911105973319856,-0.6124577156139501,0.7628228011082971,-0.7821644542720179,-0.27693726900994675,0.7035431988715386,0.5510982703636222,0.5869620209021233,0.4040841171900138,0.8841284468831949,-0.9870433266460517,0.6988965008685604,-0.611543082642483,0.7570555753635708,-0.07857827833023712,0.46869639723813394,0.3915653222794324,-0.53048570356968,0.9239555457805115,-0.8011852908374322,0.6744610463101739,0.2925131284813669,0.5788981636472987,0.9763064466934548,0.5684346143721719,-0.8453195253591805,-0.9144111164397042,0.7017614137779455,0.5551829489083739,-0.2914730625744377,-0.6940683477384,-0.3467090686847025,0.6851572865699329,-0.6758954578196001,-0.6895126256376516,0.4900009814523114,0.052385418149929475,0.9978532471774952,0.43657883800446284,-0.3302917062776365,-0.15311916390543256,0.9888553520070806,-0.8782214684190894,0.814488162154023,-0.6798323497872736,-0.22463990233610698,0.09389889045872435,-0.4958590242931933,-0.5412125614892769,0.3378251509616359,-0.5542315262061672,-0.7674493052721425,-0.6730525800799629,-0.8819053641437962,0.33861944682371536,-0.8248033828392605,0.8692446357033605,0.2541585910044746,-0.5793785195638799,-0.694806498669615,0.5684214457496188,-0.42370542343719597,0.5232009862669125,0.680662672934123,-0.45078817685567807,-0.925443277034673,-0.9621604204042393,-0.9041474741489313,0.25952520872924945,0.23493104830506795,-0.9072456674844611,-0.6341576019271988,0.919285373439992,-0.09552161038213547,-0.7302847381519002,-0.6166637555734862,0.4463733452384788,0.225167552412058,0.7697813281293227,0.18357131965545137,0.13206083397905388,0.11532373593053524,-0.47721742719817994,-0.5948986160052163,-0.39867200586067786,-0.022336036801389625,-0.19324744332215138,-0.9125789694071109,0.5150731818784717,0.5739365890789982,-0.306893016527501,-0.353192190024993,-0.09810901938481664,0.1909351531954251,0.14284090852423414,0.9269023817849724,0.205691893817592,0.5060802198628498,-0.09220189181139027,0.677916138453786,-0.2536221070201534,0.40108742649214335,-0.24576562709377558,-0.8175436781069918,-0.8490739484332326,0.7505233633538104,0.7455888729060454,0.04844373483898967,0.4956188215232824,0.7091855551969868,0.969319898271378,0.523427400846558,0.10398758895713445,-0.3831613388541153,0.09451788129228111,0.12606538377286625,0.0992818102700932,0.8646222949875113,-0.2855437682452522,-0.4514578972617378,-0.7888864410547216,0.39118783173758653,-0.07365561582530611,0.5567728222130528,-0.07880647522161155,-0.9790856893039483,-0.502243112351727,0.902634303638082,0.9376725695455312,-0.4865501828459138,-0.9611577961225708,0.10536237650377256,0.041297918287033886,-0.8594954550496041,0.3648701444933242,-0.023571983826622844,0.47708223053245136,-0.4024739884659603,-0.6675056054588908,-0.8529255738454278,0.7717322721151187,-0.43713737643108663,0.8997760841755,-0.7382746076680411,0.12959016967565717,0.7475897334339989,0.3994811404707639,0.12733138674917632,0.1570930960219692,-0.03524487350800287,-0.8596016053176716,-0.952184154408267,-0.7269359787565104,0.9170378565899457,0.5283511937429115,-0.4942756449645431,0.17180700482482592,0.7574375510179463,0.5221703863033371,-0.3833211295504806,0.15730857871984583,-0.5035210945305049,0.6042700368954208,0.44988457294787043,-0.4495036827654333,0.01969151609721198,0.3193871778476838,0.2839561964351667,0.3082784665501819,-0.04815813267277047,0.558369971071186,0.9777923143058622,0.04162683761784258,0.2835862922972556,0.5667094587379262,0.6733885397105408,0.5920600304667372,0.1696606221847483,0.10533013392632573,-0.9748716256770973,0.06631928735579407,0.412695783176787,-0.0161442152120419,-0.8496468900930696,0.812690714285746,-0.6250804692212584,-0.06346667264225037,-0.7194552633422202,-0.80631261566943,-0.16750872354653668,0.8627740357406302,0.24929805053352205,0.06472211106063641,0.3246713617902395,0.6832127510666408,0.856715704777818,0.9337523425142809,0.6831880516242359,-0.7536582637116236,0.540207404487465,-0.17252471973293604,0.3366225262044784,0.6008518704134418,0.11882582867803726,-0.46640965642186405,0.26693593327430887,0.7759077921201192
46.673454258808476,0.9066636444603449,0.37858547978391877,0.5871253036697108,-0.3995618319084042,-0.7704984818026859,0.030075503347994026,0.9114690091916804,0.5013599267812066,0.8403407671592618,-0.7844202983224069,-0.042374934435069456,-0.5666595753736681,-0.9688461048710657,-0.6105748805284437,0.9708796040373067,-0.7899013379544684,0.3123366863525001,-0.14996657543327685,-0.9766900140172436,0.6935184301171309,-0.991742680745364,-0.8942885888248906,0.9054631946638647,0.20345041130387465,-0.07402994594121237,-0.22934422705930224,-0.28027152928648524,0.4184954180945373,-0.47102954457914614,-0.25241512683248746,0.5893738665249644,-0.16630588637721333,-0.6447211839108462,0.6654224625834093,0.5573207670870954,0.6084369733227366,0.0718729082852203,0.10614170349900309,-0.34019883278466745,0.876396224335793,-0.6780596266016512,0.10415646420799685,-0.9982826559079361,-0.9970477696457396,0.5240761519690176,-0.5246959349881806,0.4896151394125816,0.35313092496776743,0.07892681635857923,-0.3124896557386261,-0.447747824804148,-0.1947922622048861,0.18714623898592864,0.9473626345807944,0.842149972831,0.18417125582602112,-0.03457514679097895,0.8054385394639412,0.7911105973319856,-0.6124577156139501,0.7628228011082971,-0.7821644542720179,-0.27693726900994675,0.7035431988715386,0.5510982703636222,0.5869620209021233,0.4040841171900138,0.8841284468831949,-0.9870433266460517,0.6988965008685604,-0.611543082642483,0.7570555753635708,-0.07857827833023712,0.46869639723813394,0.3915653222794324,-0.53048570356968,0.9239555457805115,-0.8011852908374322,0.6744610463101739,0.2925131284813669,0.5788981636472987,0.9763064466934548,0.5684346143721719,-0.8453195253591805,-0.9144111164397042,0.7017614137779455,0.5551829489083739,-0.2914730625744377,-0.6940683477384,-0.3467090686847025,0.6851572865699329,-0.6758954578196001,-0.6895126256376516,0.4900009814523114,0.052385418149929475,0.9978532471774952,0.43657883800446284,-0.3302917062776365,-0.15311916390543256,0.9888553520070806,-0.8782214684190894,0.814488162154023,-0.6798323497872736,-0.22463990233610698,0.09389889045872435,-0.4958590242931933,-0.5412125614892769,0.3378251509616359,-0.5542315262061672,-0.7674493052721425,-0.6730525800799629,-0.8819053641437962,0.33861944682371536,-0.8248033828392605,0.8692446357033605,0.2541585910044746,-0.5793785195638799,-0.694806498669615,0.5684214457496188,-0.42370542343719597,0.5232009862669125,0.680662672934123,-0.45078817685567807,-0.925443277034673,-0.9621604204042393,-0.9041474741489313,0.25952520872924945,0.23493104830506795,-0.9072456674844611,-0.6341576019271988,0.919285373439992,-0.09552161038213547,-0.7302847381519002,-0.6166637555734862,0.4463733452384788,0.225167552412058,0.7697813281293227,0.18357131965545137,0.13206083397905388,0.11532373593053524,-0.47721742719817994,-0.5948986160052163,-0.39867200586067786,-0.022336036801389625,-0.19324744332215138,-0.9125789694071109,0.5150731818784717,0.5739365890789982,-0.306893016527501,-0.353192190024993,-0.09810901938481664,0.1909351531954251,0.14284090852423414,0.9269023817849724,0.205691893817592,0.5060802198628498,-0.09220189181139027,0.677916138453786,-0.2536221070201534,0.40108742649214335,-0.24576562709377558,-0.8175436781069918,-0.8490739484332326,0.7505233633538104,0.7455888729060454,0.04844373483898967,0.4956188215232824,0.7091855551969868,0.969319898271378,0.523427400846558,0.10398758895713445,-0.3831613388541153,0.09451788129228111,0.12606538377286625,0.0992818102700932,0.8646222949875113,-0.2855437682452522,-0.4514578972617378,-0.7888864410547216,0.39118783173758653,-0.07365561582530611,0.5567728222130528,-0.07880647522161155,-0.9790856893039483,-0.502243112351727,0.902634303638082,0.9376725695455312,-0.4865501828459138,-0.9611577961225708,0.10536237650377256,0.041297918287033886,-0.8594954550496041,0.3648701444933242,-0.023571983826622844,0.47708223053245136,-0.4024739884659603,-0.6675056054588908,-0.8529255738454278,0.7717322721151187,-0.43713737643108663,0.8997760841755,-0.7382746076680411,0.12959016967565717,0.7475897334339989,0.3994811404707639,0.12733138674917632,0.1570930960219692,-0.03524487350800287,-0.8596016053176716,-0.952184154408267,-0.7269359787565104,0.9170378565899457,0.5283511937429115,-0.4942756449645431,0.17180700482482592,0.7574375510179463,0.5221703863033371,-0.3833211295504806,0.15730857871984583,-0.5035210945305049,0.6042700368954208,0.44988457294787043,-0.4495036827654333,0.01969151609721198,0.3193871778476838,0.2839561964351667,0.3082784665501819,-0.04815813267277047,0.558369971071186,0.9777923143058622,0.04162683761784258,0.2835862922972556,0.5667094587379262,0.6733885397105408,0.5920600304667372,0.1696606221847483,0.10533013392632573,-0.9748716256770973,0.06631928735579407,0.412695783176787,-0.0161442152120419,-0.8496468900930696,0.812690714285746,-0.6250804692212584,-0.06346667264225037,-0.7194552633422202,-0.80631261566943,-0.16750872354653668,0.8627740357406302,0.24929805053352205,0.06472211106063641,0.3246713617902395,0.6832127510666408,0.856715704777818,0.9337523425142809,0.6831880516242359,-0.7536582637116236,0.540207404487465,-0.17252471973293604,0.3366225262044784,0.6008518704134418,0.11882582867803726,-0.46640965642186405,0.26693593327430887,0.7759077921201192
46.673454258808476,0.9066636444603449,0.37858547978391877,0.5871253036697108,-0.3995618319084042,-0.7704984818026859,0.030075503347994026,0.9114690091916804,0.5013599267812066,0.8403407671592618,-0.7844202983224069,-0.042374934435069456,-0.5666595753736681,-0.9688461048710657,-0.6105748805284437,0.9708796040373067,-0.7899013379544684,0.3123366863525001,-0.14996657543327685,-0.9766900140172436,0.6935184301171309,-0.991742680745364,-0.8942885888248906,0.9054631946638647,0.20345041130387465,-0.07402994594121237,-0.22934422705930224,-0.28027152928648524,0.4184954180945373,-0.47102954457914614,-0.25241512683248746,0.5893738665249644,-0.16630588637721333,-0.6447211839108462,0.6654224625834093,0.5573207670870954,0.6084369733227366,0.0718729082852203,0.10614170349900309,-0.34019883278466745,0.876396224335793,-0.6780596266016512,0.10415646420799685,-0.9982826559079361,-0.9970477696457396,0.5240761519690176,-0.5246959349881806,0.4896151394125816,0.35313092496776743,0.07892681635857923,-0.3124896557386261,-0.447747824804148,-0.1947922622048861,0.18714623898592864,0.9473626345807944,0.842149972831,0.18417125582602112,-0.03457514679097895,0.8054385394639412,0.7911105973319856,-0.6124577156139501,0.7628228011082971,-0.7821644542720179,-0.27693726900994675,0.7035431988715386,0.5510982703636222,0.5869620209021233,0.4040841171900138,0.8841284468831949,-0.9870433266460517,0.6988965008685604,-0.611543082642483,0.7570555753635708,-0.07857827833023712,0.46869639723813394,0.3915653222794324,-0.53048570356968,0.9239555457805115,-0.8011852908374322,0.6744610463101739,0.2925131284813669,0.5788981636472987,0.9763064466934548,0.5684346143721719,-0.8453195253591805,-0.9144111164397042,0.7017614137779455,0.5551829489083739,-0.2914730625744377,-0.6940683477384,-0.3467090686847025,0.6851572865699329,-0.6758954578196001,-0.6895126256376516,0.4900009814523114,0.052385418149929475,0.9978532471774952,0.43657883800446284,-0.3302917062776365,-0.15311916390543256,0.9888553520070806,-0.8782214684190894,0.814488162154023,-0.6798323497872736,-0.22463990233610698,0.09389889045872435,-0.4958590242931933,-0.5412125614892769,0.3378251509616359,-0.5542315262061672,-0.7674493052721425,-0.6730525800799629,-0.8819053641437962,0.33861944682371536,-0.8248033828392605,0.8692446357033605,0.2541585910044746,-0.5793785195638799,-0.694806498669615,0.5684214457496188,-0.42370542343719597,0.5232009862669125,0.680662672934123,-0.45078817685567807,-0.925443277034673,-0.9621604204042393,-0.9041474741489313,0.25952520872924945,0.23493104830506795,-0.9072456674844611,-0.6341576019271988,0.919285373439992,-0.09552161038213547,-0.7302847381519002,-0.6166637555734862,0.4463733452384788,0.225167552412058,0.7697813281293227,0.18357131965545137,0.13206083397905388,0.11532373593053524,-0.47721742719817994,-0.5948986160052163,-0.39867200586067786,-0.022336036801389625,-0.19324744332215138,-0.9125789694071109,0.5150731818784717,0.5739365890789982,-0.306893016527501,-0.353192190024993,-0.09810901938481664,0.1909351531954251,0.14284090852423414,0.9269023817849724,0.205691893817592,0.5060802198628498,-0.09220189181139027,0.677916138453786,-0.2536221070201534,0.40108742649214335,-0.24576562709377558,-0.8175436781069918,-0.8490739484332326,0.7505233633538104,0.7455888729060454,0.04844373483898967,0.4956188215232824,0.7091855551969868,0.969319898271378,0.523427400846558,0.10398758895713445,-0.3831613388541153,0.09451788129228111,0.12606538377286625,0.0992818102700932,0.8646222949875113,-0.2855437682452522,-0.4514578972617378,-0.7888864410547216,0.39118783173758653,-0.07365561582530611,0.5567728222130528,-0.07880647522161155,-0.9790856893039483,-0.502243112351727,0.902634303638082,0.9376725695455312,-0.4865501828459138,-0.9611577961225708,0.10536237650377256,0.041297918287033886,-0.8594954550496041,0.3648701444933242,-0.023571983826622844,0.47708223053245136,-0.4024739884659603,-0.6675056054588908,-0.8529255738454278,0.7717322721151187,-0.43713737643108663,0.8997760841755,-0.7382746076680411,0.12959016967565717,0.7475897334339989,0.3994811404707639,0.12733138674917632,0.1570930960219692,-0.03524487350800287,-0.8596016053176716,-0.952184154408267,-0.7269359787565104,0.9170378565899457,0.5283511937429115,-0.4942756449645431,0.17180700482482592,0.7574375510179463,0.5221703863033371,-0.3833211295504806,0.15730857871984583,-0.5035210945305049,0.6042700368954208,0.44988457294787043,-0.4495036827654333,0.01969151609721198,0.3193871778476838,0.2839561964351667,0.3082784665501819,-0.04815813267277047,0.558369971071186,0.9777923143058622,0.04162683761784258,0.2835862922972556,0.5667094587379262,0.6733885397105408,0.5920600304667372,0.1696606221847483,0.10533013392632573,-0.9748716256770973,0.06631928735579407,0.412695783176787,-0.0161442152120419,-0.8496468900930696,0.812690714285746,-0.6250804692212584,-0.06346667264225037,-0.7194552633422202,-0.80631261566943,-0.16750872354653668,0.8627740357406302,0.24929805053352205,0.06472211106063641,0.3246713617902395,0.6832127510666408,0.856715704777818,0.9337523425142809,0.6831880516242359,-0.7536582637116236,0.540207404487465,-0.17252471973293604,0.3366225262044784,0.6008518704134418,0.11882582867803726,-0.46640965642186405,0.26693593327430887,0.7759077921201192
46.673454258808476,0.9066636444603449,0.37858547978391877,0.5871253036697108,-0.3995618319084042,-0.7704984818026859,0.030075503347994026,0.9114690091916804,0.5013599267812066,0.8403407671592618,-0.7844202983224069,-0.042374934435069456,-0.5666595753736681,-0.9688461048710657,-0.6105748805284437,0.9708796040373067,-0.7899013379544684,0.3123366863525001,-0.14996657543327685,-0.9766900140172436,0.6935184301171309,-0.991742680745364,-0.8942885888248906,0.9054631946638647,0.20345041130387465,-0.07402994594121237,-0.22934422705930224,-0.28027152928648524,0.4184954180945373,-0.47102954457914614,-0.25241512683248746,0.5893738665249644,-0.16630588637721333,-0.6447211839108462,0.6654224625834093,0.5573207670870954,0.6084369733227366,0.0718729082852203,0.10614170349900309,-0.34019883278466745,0.876396224335793,-0.6780596266016512,0.10415646420799685,-0.9982826559079361,-0.9970477696457396,0.5240761519690176,-0.5246959349881806,0.4896151394125816,0.35313092496776743,0.07892681635857923,-0.3124896557386261,-0.447747824804148,-0.1947922622048861,0.18714623898592864,0.9473626345807944,0.842149972831,0.18417125582602112,-0.03457514679097895,0.8054385394639412,0.7911105973319856,-0.6124577156139501,0.7628228011082971,-0.7821644542720179,-0.27693726900994675,0.7035431988715386,0.5510982703636222,0.5869620209021233,0.4040841171900138,0.8841284468831949,-0.9870433266460517,0.6988965008685604,-0.611543082642483,0.7570555753635708,-0.07857827833023712,0.46869639723813394,0.3915653222794324,-0.53048570356968,0.9239555457805115,-0.8011852908374322,0.6744610463101739,0.2925131284813669,0.5788981636472987,0.9763064466934548,0.5684346143721719,-0.8453195253591805,-0.9144111164397042,0.7017614137779455,0.5551829489083739,-0.2914730625744377,-0.6940683477384,-0.3467090686847025,0.6851572865699329,-0.6758954578196001,-0.6895126256376516,0.4900009814523114,0.052385418149929475,0.9978532471774952,0.43657883800446284,-0.3302917062776365,-0.15311916390543256,0.9888553520070806,-0.8782214684190894,0.814488162154023,-0.6798323497872736,-0.22463990233610698,0.09389889045872435,-0.4958590242931933,-0.5412125614892769,0.3378251509616359,-0.5542315262061672,-0.7674493052721425,-0.6730525800799629,-0.8819053641437962,0.33861944682371536,-0.8248033828392605,0.8692446357033605,0.2541585910044746,-0.5793785195638799,-0.694806498669615,0.5684214457496188,-0.42370542343719597,0.5232009862669125,0.680662672934123,-0.45078817685567807,-0.925443277034673,-0.9621604204042393,-0.9041474741489313,0.25952520872924945,0.23493104830506795,-0.9072456674844611,-0.6341576019271988,0.919285373439992,-0.09552161038213547,-0.7302847381519002,-0.6166637555734862,0.4463733452384788,0.225167552412058,0.7697813281293227,0.18357131965545137,0.13206083397905388,0.11532373593053524,-0.47721742719817994,-0.5948986160052163,-0.39867200586067786,-0.022336036801389625,-0.19324744332215138,-0.9125789694071109,0.5150731818784717,0.5739365890789982,-0.306893016527501,-0.353192190024993,-0.09810901938481664,0.1909351531954251,0.14284090852423414,0.9269023817849724,0.205691893817592,0.5060802198628498,-0.09220189181139027,0.677916138453786,-0.2536221070201534,0.40108742649214335,-0.24576562709377558,-0.8175436781069918,-0.8490739484332326,0.7505233633538104,0.7455888729060454,0.04844373483898967,0.4956188215232824,0.7091855551969868,0.969319898271378,0.523427400846558,0.10398758895713445,-0.3831613388541153,0.09451788129228111,0.12606538377286625,0.0992818102700932,0.8646222949875113,-0.2855437682452522,-0.4514578972617378,-0.7888864410547216,0.39118783173758653,-0.07365561582530611,0.5567728222130528,-0.07880647522161155,-0.9790856893039483,-0.502243112351727,0.902634303638082,0.9376725695455312,-0.4865501828459138,-0.9611577961225708,0.10536237650377256,0.041297918287033886,-0.8594954550496041,0.3648701444933242,-0.023571983826622844,0.47708223053245136,-0.4024739884659603,-0.6675056054588908,-0.8529255738454278,0.7717322721151187,-0.43713737643108663,0.8997760841755,-0.7382746076680411,0.12959016967565717,0.7475897334339989,0.3994811404707639,0.12733138674917632,0.1570930960219692,-0.03524487350800287,-0.8596016053176716,-0.952184154408267,-0.7269359787565104,0.9170378565899457,0.5283511937429115,-0.4942756449645431,0.17180700482482592,0.7574375510179463,0.5221703863033371,-0.3833211295504806,0.15730857871984583,-0.5035210945305049,0.6042700368954208,0.44988457294787043,-0.4495036827654333,0.01969151609721198,0.3193871778476838,0.2839561964351667,0.3082784665501819,-0.04815813267277047,0.558369971071186,0.9777923143058622,0.04162683761784258,0.2835862922972556,0.5667094587379262,0.6733885397105408,0.5920600304667372,0.1696606221847483,0.10533013392632573,-0.9748716256770973,0.06631928735579407,0.412695783176787,-0.0161442152120419,-0.8496468900930696,0.812690714285746,-0.6250804692212584,-0.06346667264225037,-0.7194552633422202,-0.80631261566943,-0.16750872354653668,0.8627740357406302,0.24929805053352205,0.06472211106063641,0.3246713617902395,0.6832127510666408,0.856715704777818,0.9337523425142809,0.6831880516242359,-0.7536582637116236,0.540207404487465,-0.17252471973293604,0.3366225262044784,0.6008518704134418,0.11882582867803726,-0.46640965642186405,0.26693593327430887,0.7759077921201192
46.673454258808476,0.9066636444603449,0.37858547978391877,0.5871253036697108,-0.3995618319084042,-0.7704984818026859,0.030075503347994026,0.9114690091916804,0.5013599267812066,0.8403407671592618,-0.7844202983224069,-0.042374934435069456,-0.5666595753736681,-0.9688461048710657,-0.6105748805284437,0.9708796040373067,-0.7899013379544684,0.3123366863525001,-0.14996657543327685,-0.9766900140172436,0.6935184301171309,-0.991742680745364,-0.8942885888248906,0.9054631946638647,0.20345041130387465,-0.07402994594121237,-0.22934422705930224,-0.28027152928648524,0.4184954180945373,-0.47102954457914614,-0.25241512683248746,0.5893738665249644,-0.16630588637721333,-0.6447211839108462,0.6654224625834093,0.5573207670870954,0.6084369733227366,0.0718729082852203,0.10614170349900309,-0.34019883278466745,0.876396224335793,-0.6780596266016512,0.10415646420799685,-0.9982826559079361,-0.9970477696457396,0.5240761519690176,-0.5246959349881806,0.4896151394125816,0.35313092496776743,0.07892681635857923,-0.3124896557386261,-0.447747824804148,-0.1947922622048861,0.18714623898592864,0.9473626345807944,0.842149972831,0.18417125582602112,-0.03457514679097895,0.8054385394639412,0.7911105973319856,-0.6124577156139501,0.7628228011082971,-0.7821644542720179,-0.27693726900994675,0.7035431988715386,0.5510982703636222,0.5869620209021233,0.4040841171900138,0.8841284468831949,-0.9870433266460517,0.6988965008685604,-0.611543082642483,0.7570555753635708,-0.07857827833023712,0.46869639723813394,0.3915653222794324,-0.53048570356968,0.9239555457805115,-0.8011852908374322,0.6744610463101739,0.2925131284813669,0.5788981636472987,0.9763064466934548,0.5684346143721719,-0.8453195253591805,-0.9144111164397042,0.7017614137779455,0.5551829489083739,-0.2914730625744377,-0.6940683477384,-0.3467090686847025,0.6851572865699329,-0.6758954578196001,-0.6895126256376516,0.4900009814523114,0.052385418149929475,0.9978532471774952,0.43657883800446284,-0.3302917062776365,-0.15311916390543256,0.9888553520070806,-0.8782214684190894,0.814488162154023,-0.6798323497872736,-0.22463990233610698,0.09389889045872435,-0.4958590242931933,-0.5412125614892769,0.3378251509616359,-0.5542315262061672,-0.7674493052721425,-0.6730525800799629,-0.8819053641437962,0.33861944682371536,-0.8248033828392605,0.8692446357033605,0.2541585910044746,-0.5793785195638799,-0.694806498669615,0.5684214457496188,-0.42370542343719597,0.5232009862669125,0.680662672934123,-0.45078817685567807,-0.925443277034673,-0.9621604204042393,-0.9041474741489313,0.25952520872924945,0.23493104830506795,-0.9072456674844611,-0.6341576019271988,0.919285373439992,-0.09552161038213547,-0.7302847381519002,-0.6166637555734862,0.4463733452384788,0.225167552412058,0.7697813281293227,0.18357131965545137,0.13206083397905388,0.11532373593053524,-0.47721742719817994,-0.5948986160052163,-0.39867200586067786,-0.022336036801389625,-0.19324744332215138,-0.9125789694071109,0.5150731818784717,0.5739365890789982,-0.306893016527501,-0.353192190024993,-0.09810901938481664,0.1909351531954251,0.14284090852423414,0.9269023817849724,0.205691893817592,0.5060802198628498,-0.09220189181139027,0.677916138453786,-0.2536221070201534,0.40108742649214335,-0.24576562709377558,-0.8175436781069918,-0.8490739484332326,0.7505233633538104,0.7455888729060454,0.04844373483898967,0.4956188215232824,0.7091855551969868,0.969319898271378,0.523427400846558,0.10398758895713445,-0.3831613388541153,0.09451788129228111,0.12606538377286625,0.0992818102700932,0.8646222949875113,-0.2855437682452522,-0.4514578972617378,-0.7888864410547216,0.39118783173758653,-0.07365561582530611,0.5567728222130528,-0.07880647522161155,-0.9790856893039483,-0.502243112351727,0.902634303638082,0.9376725695455312,-0.4865501828459138,-0.9611577961225708,0.10536237650377256,0.041297918287033886,-0.8594954550496041,0.3648701444933242,-0.023571983826622844,0.47708223053245136,-0.4024739884659603,-0.6675056054588908,-0.8529255738454278,0.7717322721151187,-0.43713737643108663,0.8997760841755,-0.7382746076680411,0.12959016967565717,0.7475897334339989,0.3994811404707639,0.12733138674917632,0.1570930960219692,-0.03524487350800287,-0.8596016053176716,-0.952184154408267,-0.7269359787565104,0.9170378565899457,0.5283511937429115,-0.4942756449645431,0.17180700482482592,0.7574375510179463,0.5221703863033371,-0.3833211295504806,0.15730857871984583,-0.5035210945305049,0.6042700368954208,0.44988457294787043,-0.4495036827654333,0.01969151609721198,0.3193871778476838,0.2839561964351667,0.3082784665501819,-0.04815813267277047,0.558369971071186,0.9777923143058622,0.04162683761784258,0.2835862922972556,0.5667094587379262,0.6733885397105408,0.5920600304667372,0.1696606221847483,0.10533013392632573,-0.9748716256770973,0.06631928735579407,0.412695783176787,-0.0161442152120419,-0.8496468900930696,0.812690714285746,-0.6250804692212584,-0.06346667264225037,-0.7194552633422202,-0.80631261566943,-0.16750872354653668,0.8627740357406302,0.24929805053352205,0.06472211106063641,0.3246713617902395,0.6832127510666408,0.856715704777818,0.9337523425142809,0.6831880516242359,-0.7536582637116236,0.540207404487465,-0.17252471973293604,0.3366225262044784,0.6008518704134418,0.11882582867803726,-0.46640965642186405,0.26693593327430887,0.7759077921201192
46.673454258808476,0.9066636444603449,0.37858547978391877,0.5871253036697108,-0.3995618319084042,-0.7704984818026859,0.030075503347994026,0.9114690091916804,0.5013599267812066,0.8403407671592618,-0.7844202983224069,-0.042374934435069456,-0.5666595753736681,-0.9688461048710657,-0.6105748805284437,0.9708796040373067,-0.7899013379544684,0.3123366863525001,-0.14996657543327685,-0.9766900140172436,0.6935184301171309,-0.991742680745364,-0.8942885888248906,0.9054631946638647,0.20345041130387465,-0.07402994594121237,-0.22934422705930224,-0.28027152928648524,0.4184954180945373,-0.47102954457914614,-0.25241512683248746,0.5893738665249644,-0.16630588637721333,-0.6447211839108462,0.6654224625834093,0.5573207670870954,0.6084369733227366,0.0718729082852203,0.10614170349900309,-0.34019883278466745,0.876396224335793,-0.6780596266016512,0.10415646420799685,-0.9982826559079361,-0.9970477696457396,0.5240761519690176,-0.5246959349881806,0.4896151394125816,0.35313092496776743,0.07892681635857923,-0.3124896557386261,-0.447747824804148,-0.1947922622048861,0.18714623898592864,0.9473626345807944,0.842149972831,0.18417125582602112,-0.03457514679097895,0.8054385394639412,0.7911105973319856,-0.6124577156139501,0.7628228011082971,-0.7821644542720179,-0.27693726900994675,0.7035431988715386,0.5510982703636222,0.5869620209021233,0.4040841171900138,0.8841284468831949,-0.9870433266460517,0.6988965008685604,-0.611543082642483,0.7570555753635708,-0.07857827833023712,0.46869639723813394,0.3915653222794324,-0.53048570356968,0.9239555457805115,-0.8011852908374322,0.6744610463101739,0.2925131284813669,0.5788981636472987,0.9763064466934548,0.5684346143721719,-0.8453195253591805,-0.9144111164397042,0.7017614137779455,0.5551829489083739,-0.2914730625744377,-0.6940683477384,-0.3467090686847025,0.6851572865699329,-0.6758954578196001,-0.6895126256376516,0.4900009814523114,0.052385418149929475,0.9978532471774952,0.43657883800446284,-0.3302917062776365,-0.15311916390543256,0.9888553520070806,-0.8782214684190894,0.814488162154023,-0.6798323497872736,-0.22463990233610698,0.09389889045872435,-0.4958590242931933,-0.5412125614892769,0.3378251509616359,-0.5542315262061672,-0.7674493052721425,-0.6730525800799629,-0.8819053641437962,0.33861944682371536,-0.8248033828392605,0.8692446357033605,0.2541585910044746,-0.5793785195638799,-0.694806498669615,0.5684214457496188,-0.42370542343719597,0.5232009862669125,0.680662672934123,-0.45078817685567807,-0.925443277034673,-0.9621604204042393,-0.9041474741489313,0.25952520872924945,0.23493104830506795,-0.9072456674844611,-0.6341576019271988,0.919285373439992,-0.09552161038213547,-0.7302847381519002,-0.6166637555734862,0.4463733452384788,0.225167552412058,0.7697813281293227,0.18357131965545137,0.13206083397905388,0.11532373593053524,-0.47721742719817994,-0.5948986160052163,-0.39867200586067786,-0.022336036801389625,-0.19324744332215138,-0.9125789694071109,0.5150731818784717,0.5739365890789982,-0.306893016527501,-0.353192190024993,-0.09810901938481664,0.1909351531954251,0.14284090852423414,0.9269023817849724,0.205691893817592,0.5060802198628498,-0.09220189181139027,0.677916138453786,-0.2536221070201534,0.40108742649214335,-0.24576562709377558,-0.8175436781069918,-0.8490739484332326,0.7505233633538104,0.7455888729060454,0.04844373483898967,0.4956188215232824,0.7091855551969868,0.969319898271378,0.523427400846558,0.10398758895713445,-0.3831613388541153,0.09451788129228111,0.12606538377286625,0.0992818102700932,0.8646222949875113,-0.2855437682452522,-0.4514578972617378,-0.7888864410547216,0.39118783173758653,-0.07365561582530611,0.5567728222130528,-0.07880647522161155,-0.9790856893039483,-0.502243112351727,0.902634303638082,0.9376725695455312,-0.4865501828459138,-0.9611577961225708,0.10536237650377256,0.041297918287033886,-0.8594954550496041,0.3648701444933242,-0.023571983826622844,0.47708223053245136,-0.4024739884659603,-0.6675056054588908,-0.8529255738454278,0.7717322721151187,-0.43713737643108663,0.8997760841755,-0.7382746076680411,0.12959016967565717,0.7475897334339989,0.3994811404707639,0.12733138674917632,0.1570930960219692,-0.03524487350800287,-0.8596016053176716,-0.952184154408267,-0.7269359787565104,0.9170378565899457,0.5283511937429115,-0.4942756449645431,0.17180700482482592,0.7574375510179463,0.5221703863033371,-0.3833211295504806,0.15730857871984583,-0.5035210945305049,0.6042700368954208,0.44988457294787043,-0.4495036827654333,0.01969151609721198,0.3193871778476838,0.2839561964351667,0.3082784665501819,-0.04815813267277047,0.558369971071186,0.9777923143058622,0.04162683761784258,0.2835862922972556,0.5667094587379262,0.6733885397105408,0.5920600304667372,0.1696606221847483,0.10533013392632573,-0.9748716256770973,0.06631928735579407,0.412695783176787,-0.0161442152120419,-0.8496468900930696,0.812690714285746,-0.6250804692212584,-0.06346667264225037,-0.7194552633422202,-0.80631261566943,-0.16750872354653668,0.8627740357406302,0.24929805053352205,0.06472211106063641,0.3246713617902395,0.6832127510666408,0.856715704777818,0.9337523425142809,0.6831880516242359,-0.7536582637116236,0.540207404487465,-0.17252471973293604,0.3366225262044784,0.6008518704134418,0.11882582867803726,-0.46640965642186405,0.26693593327430887,0.7759077921201192
46.673454258808476,0.9066636444603449,0.37858547978391877,0.5871253036697108,-0.3995618319084042,-0.7704984818026859,0.030075503347994026,0.9114690091916804,0.5013599267812066,0.8403407671592618,-0.7844202983224069,-0.042374934435069456,-0.5666595753736681,-0.9688461048710657,-0.6105748805284437,0.9708796040373067,-0.7899013379544684,0.3123366863525001,-0.14996657543327685,-0.9766900140172436,0.6935184301171309,-0.991742680745364,-0.8942885888248906,0.9054631946638647,0.20345041130387465,-0.07402994594121237,-0.22934422705930224,-0.28027152928648524,0.4184954180945373,-0.47102954457914614,-0.25241512683248746,0.5893738665249644,-0.16630588637721333,-0.6447211839108462,0.6654224625834093,0.5573207670870954,0.6084369733227366,0.0718729082852203,0.10614170349900309,-0.34019883278466745,0.876396224335793,-0.6780596266016512,0.10415646420799685,-0.9982826559079361,-0.9970477696457396,0.5240761519690176,-0.5246959349881806,0.4896151394125816,0.35313092496776743,0.07892681635857923,-0.3124896557386261,-0.447747824804148,-0.1947922622048861,0.18714623898592864,0.9473626345807944,0.842149972831,0.18417125582602112,-0.03457514679097895,0.8054385394639412,0.7911105973319856,-0.6124577156139501,0.7628228011082971,-0.7821644542720179,-0.27693726900994675,0.7035431988715386,0.5510982703636222,0.5869620209021233,0.4040841171900138,0.8841284468831949,-0.9870433266460517,0.6988965008685604,-0.611543082642483,0.7570555753635708,-0.07857827833023712,0.46869639723813394,0.3915653222794324,-0.53048570356968,0.9239555457805115,-0.8011852908374322,0.6744610463101739,0.2925131284813669,0.5788981636472987,0.9763064466934548,0.5684346143721719,-0.8453195253591805,-0.9144111164397042,0.7017614137779455,0.5551829489083739,-0.2914730625744377,-0.6940683477384,-0.3467090686847025,0.6851572865699329,-0.6758954578196001,-0.6895126256376516,0.4900009814523114,0.052385418149929475,0.9978532471774952,0.43657883800446284,-0.3302917062776365,-0.15311916390543256,0.9888553520070806,-0.8782214684190894,0.814488162154023,-0.6798323497872736,-0.22463990233610698,0.09389889045872435,-0.4958590242931933,-0.5412125614892769,0.3378251509616359,-0.5542315262061672,-0.7674493052721425,-0.6730525800799629,-0.8819053641437962,0.33861944682371536,-0.8248033828392605,0.8692446357033605,0.2541585910044746,-0.5793785195638799,-0.694806498669615,0.5684214457496188,-0.42370542343719597,0.5232009862669125,0.680662672934123,-0.45078817685567807,-0.925443277034673,-0.9621604204042393,-0.9041474741489313,0.25952520872924945,0.23493104830506795,-0.9072456674844611,-0.6341576019271988,0.919285373439992,-0.09552161038213547,-0.7302847381519002,-0.6166637555734862,0.4463733452384788,0.225167552412058,0.7697813281293227,0.18357131965545137,0.13206083397905388,0.11532373593053524,-0.47721742719817994,-0.5948986160052163,-0.39867200586067786,-0.022336036801389625,-0.19324744332215138,-0.9125789694071109,0.5150731818784717,0.5739365890789982,-0.306893016527501,-0.353192190024993,-0.09810901938481664,0.1909351531954251,0.14284090852423414,0.9269023817849724,0.205691893817592,0.5060802198628498,-0.09220189181139027,0.677916138453786,-0.2536221070201534,0.40108742649214335,-0.24576562709377558,-0.8175436781069918,-0.8490739484332326,0.7505233633538104,0.7455888729060454,0.04844373483898967,0.4956188215232824,0.7091855551969868,0.969319898271378,0.523427400846558,0.10398758895713445,-0.3831613388541153,0.09451788129228111,0.12606538377286625,0.0992818102700932,0.8646222949875113,-0.2855437682452522,-0.4514578972617378,-0.7888864410547216,0.39118783173758653,-0.07365561582530611,0.5567728222130528,-0.07880647522161155,-0.9790856893039483,-0.502243112351727,0.902634303638082,0.9376725695455312,-0.4865501828459138,-0.9611577961225708,0.10536237650377256,0.041297918287033886,-0.8594954550496041,0.3648701444933242,-0.023571983826622844,0.47708223053245136,-0.4024739884659603,-0.6675056054588908,-0.8529255738454278,0.7717322721151187,-0.43713737643108663,0.8997760841755,-0.7382746076680411,0.12959016967565717,0.7475897334339989,0.3994811404707639,0.12733138674917632,0.1570930960219692,-0.03524487350800287,-0.8596016053176716,-0.952184154408267,-0.7269359787565104,0.9170378565899457,0.5283511937429115,-0.4942756449645431,0.17180700482482592,0.7574375510179463,0.5221703863033371,-0.3833211295504806,0.15730857871984583,-0.5035210945305049,0.6042700368954208,0.44988457294787043,-0.4495036827654333,0.01969151609721198,0.3193871778476838,0.2839561964351667,0.3082784665501819,-0.04815813267277047,0.558369971071186,0.9777923143058622,0.04162683761784258,0.2835862922972556,0.5667094587379262,0.6733885397105408,0.5920600304667372,0.1696606221847483,0.10533013392632573,-0.9748716256770973,0.06631928735579407,0.412695783176787,-0.0161442152120419,-0.8496468900930696,0.812690714285746,-0.6250804692212584,-0.06346667264225037,-0.7194552633422202,-0.80631261566943,-0.16750872354653668,0.8627740357406302,0.24929805053352205,0.06472211106063641,0.3246713617902395,0.6832127510666408,0.856715704777818,0.9337523425142809,0.6831880516242359,-0.7536582637116236,0.540207404487465,-0.17252471973293604,0.3366225262044784,0.6008518704134418,0.11882582867803726,-0.46640965642186405,0.26693593327430887,0.7759077921201192
46.673454258808476,0.9066636444603449,0.37858547978391877,0.5871253036697108,-0.3995618319084042,-0.7704984818026859,0.030075503347994026,0.9114690091916804,0.5013599267812066,0.8403407671592618,-0.7844202983224069,-0.042374934435069456,-0.5666595753736681,-0.9688461048710657,-0.6105748805284437,0.9708796040373067,-0.7899013379544684,0.3123366863525001,-0.14996657543327685,-0.9766900140172436,0.6935184301171309,-0.991742680745364,-0.8942885888248906,0.9054631946638647,0.20345041130387465,-0.07402994594121237,-0.22934422705930224,-0.28027152928648524,0.4184954180945373,-0.47102954457914614,-0.25241512683248746,0.5893738665249644,-0.16630588637721333,-0.6447211839108462,0.6654224625834093,0.5573207670870954,0.6084369733227366,0.0718729082852203,0.10614170349900309,-0.34019883278466745,0.876396224335793,-0.6780596266016512,0.10415646420799685,-0.9982826559079361,-0.9970477696457396,0.5240761519690176,-0.5246959349881806,0.4896151394125816,0.35313092496776743,0.07892681635857923,-0.3124896557386261,-0.447747824804148,-0.1947922622048861,0.18714623898592864,0.9473626345807944,0.842149972831,0.18417125582602112,-0.03457514679097895,0.8054385394639412,0.7911105973319856,-0.6124577156139501,0.7628228011082971,-0.7821644542720179,-0.27693726900994675,0.7035431988715386,0.5510982703636222,0.5869620209021233,0.4040841171900138,0.8841284468831949,-0.9870433266460517,0.6988965008685604,-0.611543082642483,0.7570555753635708,-0.07857827833023712,0.46869639723813394,0.3915653222794324,-0.53048570356968,0.9239555457805115,-0.8011852908374322,0.6744610463101739,0.2925131284813669,0.5788981636472987,0.9763064466934548,0.5684346143721719,-0.8453195253591805,-0.9144111164397042,0.7017614137779455,0.5551829489083739,-0.2914730625744377,-0.6940683477384,-0.3467090686847025,0.6851572865699329,-0.6758954578196001,-0.6895126256376516,0.4900009814523114,0.052385418149929475,0.9978532471774952,0.43657883800446284,-0.3302917062776365,-0.15311916390543256,0.9888553520070806,-0.8782214684190894,0.814488162154023,-0.6798323497872736,-0.22463990233610698,0.09389889045872435,-0.4958590242931933,-0.5412125614892769,0.3378251509616359,-0.5542315262061672,-0.7674493052721425,-0.6730525800799629,-0.8819053641437962,0.33861944682371536,-0.8248033828392605,0.8692446357033605,0.2541585910044746,-0.5793785195638799,-0.694806498669615,0.5684214457496188,-0.42370542343719597,0.5232009862669125,0.680662672934123,-0.45078817685567807,-0.925443277034673,-0.9621604204042393,-0.9041474741489313,0.25952520872924945,0.23493104830506795,-0.9072456674844611,-0.6341576019271988,0.919285373439992,-0.09552161038213547,-0.7302847381519002,-0.6166637555734862,0.4463733452384788,0.225167552412058,0.7697813281293227,0.18357131965545137,0.13206083397905388,0.11532373593053524,-0.47721742719817994,-0.5948986160052163,-0.39867200586067786,-0.022336036801389625,-0.19324744332215138,-0.9125789694071109,0.5150731818784717,0.5739365890789982,-0.306893016527501,-0.353192190024993,-0.09810901938481664,0.1909351531954251,0.14284090852423414,0.9269023817849724,0.205691893817592,0.5060802198628498,-0.09220189181139027,0.677916138453786,-0.2536221070201534,0.40108742649214335,-0.24576562709377558,-0.8175436781069918,-0.8490739484332326,0.7505233633538104,0.7455888729060454,0.04844373483898967,0.4956188215232824,0.7091855551969868,0.969319898271378,0.523427400846558,0.10398758895713445,-0.3831613388541153,0.09451788129228111,0.12606538377286625,0.0992818102700932,0.8646222949875113,-0.2855437682452522,-0.4514578972617378,-0.7888864410547216,0.39118783173758653,-0.07365561582530611,0.5567728222130528,-0.07880647522161155,-0.9790856893039483,-0.502243112351727,0.902634303638082,0.9376725695455312,-0.4865501828459138,-0.9611577961225708,0.10536237650377256,0.041297918287033886,-0.8594954550496041,0.3648701444933242,-0.023571983826622844,0.47708223053245136,-0.4024739884659603,-0.6675056054588908,-0.8529255738454278,0.7717322721151187,-0.43713737643108663,0.8997760841755,-0.7382746076680411,0.12959016967565717,0.7475897334339989,0.3994811404707639,0.12733138674917632,0.1570930960219692,-0.03524487350800287,-0.8596016053176716,-0.952184154408267,-0.7269359787565104,0.9170378565899457,0.5283511937429115,-0.4942756449645431,0.17180700482482592,0.7574375510179463,0.5221703863033371,-0.3833211295504806,0.15730857871984583,-0.5035210945305049,0.6042700368954208,0.44988457294787043,-0.4495036827654333,0.01969151609721198,0.3193871778476838,0.2839561964351667,0.3082784665501819,-0.04815813267277047,0.558369971071186,0.9777923143058622,0.04162683761784258,0.2835862922972556,0.5667094587379262,0.6733885397105408,0.5920600304667372,0.1696606221847483,0.10533013392632573,-0.9748716256770973,0.06631928735579407,0.412695783176787,-0.0161442152120419,-0.8496468900930696,0.812690714285746,-0.6250804692212584,-0.06346667264225037,-0.7194552633422202,-0.80631261566943,-0.16750872354653668,0.8627740357406302,0.24929805053352205,0.06472211106063641,0.3246713617902395,0.6832127510666408,0.856715704777818,0.9337523425142809,0.6831880516242359,-0.7536582637116236,0.540207404487465,-0.17252471973293604,0.3366225262044784,0.6008518704134418,0.11882582867803726,-0.46640965642186405,0.26693593327430887,0.7759077921201192
46.673454258808476,0.9066636444603449,0.37858547978391877,0.5871253036697108,-0.3995618319084042,-0.7704984818026859,0.030075503347994026,0.9114690091916804,0.5013599267812066,0.8403407671592618,-0.7844202983224069,-0.042374934435069456,-0.5666595753736681,-0.9688461048710657,-0.6105748805284437,0.9708796040373067,-0.7899013379544684,0.3123366863525001,-0.14996657543327685,-0.9766900140172436,0.6935184301171309,-0.991742680745364,-0.8942885888248906,0.9054631946638647,0.20345041130387465,-0.07402994594121237,-0.22934422705930224,-0.28027152928648524,0.4184954180945373,-0.47102954457914614,-0.25241512683248746,0.5893738665249644,-0.16630588637721333,-0.6447211839108462,0.6654224625834093,0.5573207670870954,0.6084369733227366,0.0718729082852203,0.10614170349900309,-0.34019883278466745,0.876396224335793,-0.6780596266016512,0.10415646420799685,-0.9982826559079361,-0.9970477696457396,0.5240761519690176,-0.5246959349881806,0.4896151394125816,0.35313092496776743,0.07892681635857923,-0.3124896557386261,-0.447747824804148,-0.1947922622048861,0.18714623898592864,0.9473626345807944,0.842149972831,0.18417125582602112,-0.03457514679097895,0.8054385394639412,0.7911105973319856,-0.6124577156139501,0.7628228011082971,-0.7821644542720179,-0.27693726900994675,0.7035431988715386,0.5510982703636222,0.5869620209021233,0.4040841171900138,0.8841284468831949,-0.9870433266460517,0.6988965008685604,-0.611543082642483,0.7570555753635708,-0.07857827833023712,0.46869639723813394,0.3915653222794324,-0.53048570356968,0.9239555457805115,-0.8011852908374322,0.6744610463101739,0.2925131284813669,0.5788981636472987,0.9763064466934548,0.5684346143721719,-0.8453195253591805,-0.9144111164397042,0.7017614137779455,0.5551829489083739,-0.2914730625744377,-0.6940683477384,-0.3467090686847025,0.6851572865699329,-0.6758954578196001,-0.6895126256376516,0.4900009814523114,0.052385418149929475,0.9978532471774952,0.43657883800446284,-0.3302917062776365,-0.15311916390543256,0.9888553520070806,-0.8782214684190894,0.814488162154023,-0.6798323497872736,-0.22463990233610698,0.09389889045872435,-0.4958590242931933,-0.5412125614892769,0.3378251509616359,-0.5542315262061672,-0.7674493052721425,-0.6730525800799629,-0.8819053641437962,0.33861944682371536,-0.8248033828392605,0.8692446357033605,0.2541585910044746,-0.5793785195638799,-0.694806498669615,0.5684214457496188,-0.42370542343719597,0.5232009862669125,0.680662672934123,-0.45078817685567807,-0.925443277034673,-0.9621604204042393,-0.9041474741489313,0.25952520872924945,0.23493104830506795,-0.9072456674844611,-0.6341576019271988,0.919285373439992,-0.09552161038213547,-0.7302847381519002,-0.6166637555734862,0.4463733452384788,0.225167552412058,0.7697813281293227,0.18357131965545137,0.13206083397905388,0.11532373593053524,-0.47721742719817994,-0.5948986160052163,-0.39867200586067786,-0.022336036801389625,-0.19324744332215138,-0.9125789694071109,0.5150731818784717,0.5739365890789982,-0.306893016527501,-0.353192190024993,-0.09810901938481664,0.1909351531954251,0.14284090852423414,0.9269023817849724,0.205691893817592,0.5060802198628498,-0.09220189181139027,0.677916138453786,-0.2536221070201534,0.40108742649214335,-0.24576562709377558,-0.8175436781069918,-0.8490739484332326,0.7505233633538104,0.7455888729060454,0.04844373483898967,0.4956188215232824,0.7091855551969868,0.969319898271378,0.523427400846558,0.10398758895713445,-0.3831613388541153,0.09451788129228111,0.12606538377286625,0.0992818102700932,0.8646222949875113,-0.2855437682452522,-0.4514578972617378,-0.7888864410547216,0.39118783173758653,-0.07365561582530611,0.5567728222130528,-0.07880647522161155,-0.9790856893039483,-0.502243112351727,0.902634303638082,0.9376725695455312,-0.4865501828459138,-0.9611577961225708,0.10536237650377256,0.041297918287033886,-0.8594954550496041,0.3648701444933242,-0.023571983826622844,0.47708223053245136,-0.4024739884659603,-0.6675056054588908,-0.8529255738454278,0.7717322721151187,-0.43713737643108663,0.8997760841755,-0.7382746076680411,0.12959016967565717,0.7475897334339989,0.3994811404707639,0.12733138674917632,0.1570930960219692,-0.03524487350800287,-0.8596016053176716,-0.952184154408267,-0.7269359787565104,0.9170378565899457,0.5283511937429115,-0.4942756449645431,0.17180700482482592,0.7574375510179463,0.5221703863033371,-0.3833211295504806,0.15730857871984583,-0.5035210945305049,0.6042700368954208,0.44988457294787043,-0.4495036827654333,0.01969151609721198,0.3193871778476838,0.2839561964351667,0.3082784665501819,-0.04815813267277047,0.558369971071186,0.9777923143058622,0.04162683761784258,0.2835862922972556,0.5667094587379262,0.6733885397105408,0.5920600304667372,0.1696606221847483,0.10533013392632573,-0.9748716256770973,0.06631928735579407,0.412695783176787,-0.0161442152120419,-0.8496468900930696,0.812690714285746,-0.6250804692212584,-0.06346667264225037,-0.7194552633422202,-0.80631261566943,-0.16750872354653668,0.8627740357406302,0.24929805053352205,0.06472211106063641,0.3246713617902395,0.6832127510666408,0.856715704777818,0.9337523425142809,0.6831880516242359,-0.7536582637116236,0.540207404487465,-0.17252471973293604,0.3366225262044784,0.6008518704134418,0.11882582867803726,-0.46640965642186405,0.26693593327430887,0.7759077921201192
46.673454258808476,0.9066636444603449,0.37858547978391877,0.5871253036697108,-0.3995618319084042,-0.7704984818026859,0.030075503347994026,0.9114690091916804,0.5013599267812066,0.8403407671592618,-0.7844202983224069,-0.042374934435069456,-0.5666595753736681,-0.9688461048710657,-0.6105748805284437,0.9708796040373067,-0.7899013379544684,0.3123366863525001,-0.14996657543327685,-0.9766900140172436,0.6935184301171309,-0.991742680745364,-0.8942885888248906,0.9054631946638647,0.20345041130387465,-0.07402994594121237,-0.22934422705930224,-0.28027152928648524,0.4184954180945373,-0.47102954457914614,-0.25241512683248746,0.5893738665249644,-0.16630588637721333,-0.6447211839108462,0.6654224625834093,0.5573207670870954,0.6084369733227366,0.0718729082852203,0.10614170349900309,-0.34019883278466745,0.876396224335793,-0.6780596266016512,0.10415646420799685,-0.9982826559079361,-0.9970477696457396,0.5240761519690176,-0.5246959349881806,0.4896151394125816,0.35313092496776743,0.07892681635857923,-0.3124896557386261,-0.447747824804148,-0.1947922622048861,0.18714623898592864,0.9473626345807944,0.842149972831,0.18417125582602112,-0.03457514679097895,0.8054385394639412,0.7911105973319856,-0.6124577156139501,0.7628228011082971,-0.7821644542720179,-0.27693726900994675,0.7035431988715386,0.5510982703636222,0.5869620209021233,0.4040841171900138,0.8841284468831949,-0.9870433266460517,0.6988965008685604,-0.611543082642483,0.7570555753635708,-0.07857827833023712,0.46869639723813394,0.3915653222794324,-0.53048570356968,0.9239555457805115,-0.8011852908374322,0.6744610463101739,0.2925131284813669,0.5788981636472987,0.9763064466934548,0.5684346143721719,-0.8453195253591805,-0.9144111164397042,0.7017614137779455,0.5551829489083739,-0.2914730625744377,-0.6940683477384,-0.3467090686847025,0.6851572865699329,-0.6758954578196001,-0.6895126256376516,0.4900009814523114,0.052385418149929475,0.9978532471774952,0.43657883800446284,-0.3302917062776365,-0.15311916390543256,0.9888553520070806,-0.8782214684190894,0.814488162154023,-0.6798323497872736,-0.22463990233610698,0.09389889045872435,-0.4958590242931933,-0.5412125614892769,0.3378251509616359,-0.5542315262061672,-0.7674493052721425,-0.6730525800799629,-0.8819053641437962,0.33861944682371536,-0.8248033828392605,0.8692446357033605,0.2541585910044746,-0.5793785195638799,-0.694806498669615,0.5684214457496188,-0.42370542343719597,0.5232009862669125,0.680662672934123,-0.45078817685567807,-0.925443277034673,-0.9621604204042393,-0.9041474741489313,0.25952520872924945,0.23493104830506795,-0.9072456674844611,-0.6341576019271988,0.919285373439992,-0.09552161038213547,-0.7302847381519002,-0.6166637555734862,0.4463733452384788,0.225167552412058,0.7697813281293227,0.18357131965545137,0.13206083397905388,0.11532373593053524,-0.47721742719817994,-0.5948986160052163,-0.39867200586067786,-0.022336036801389625,-0.19324744332215138,-0.9125789694071109,0.5150731818784717,0.5739365890789982,-0.306893016527501,-0.353192190024993,-0.09810901938481664,0.1909351531954251,0.14284090852423414,0.9269023817849724,0.205691893817592,0.5060802198628498,-0.09220189181139027,0.677916138453786,-0.2536221070201534,0.40108742649214335,-0.24576562709377558,-0.8175436781069918,-0.8490739484332326,0.7505233633538104,0.7455888729060454,0.04844373483898967,0.4956188215232824,0.7091855551969868,0.969319898271378,0.523427400846558,0.10398758895713445,-0.3831613388541153,0.09451788129228111,0.12606538377286625,0.0992818102700932,0.8646222949875113,-0.2855437682452522,-0.4514578972617378,-0.7888864410547216,0.39118783173758653,-0.07365561582530611,0.5567728222130528,-0.07880647522161155,-0.9790856893039483,-0.502243112351727,0.902634303638082,0.9376725695455312,-0.4865501828459138,-0.9611577961225708,0.10536237650377256,0.041297918287033886,-0.8594954550496041,0.3648701444933242,-0.023571983826622844,0.47708223053245136,-0.4024739884659603,-0.6675056054588908,-0.8529255738454278,0.7717322721151187,-0.43713737643108663,0.8997760841755,-0.7382746076680411,0.12959016967565717,0.7475897334339989,0.3994811404707639,0.12733138674917632,0.1570930960219692,-0.03524487350800287,-0.8596016053176716,-0.952184154408267,-0.7269359787565104,0.9170378565899457,0.5283511937429115,-0.4942756449645431,0.17180700482482592,0.7574375510179463,0.5221703863033371,-0.3833211295504806,0.15730857871984583,-0.5035210945305049,0.6042700368954208,0.44988457294787043,-0.4495036827654333,0.01969151609721198,0.3193871778476838,0.2839561964351667,0.3082784665501819,-0.04815813267277047,0.558369971071186,0.9777923143058622,0.04162683761784258,0.2835862922972556,0.5667094587379262,0.6733885397105408,0.5920600304667372,0.1696606221847483,0.10533013392632573,-0.9748716256770973,0.06631928735579407,0.412695783176787,-0.0161442152120419,-0.8496468900930696,0.812690714285746,-0.6250804692212584,-0.06346667264225037,-0.7194552633422202,-0.80631261566943,-0.16750872354653668,0.8627740357406302,0.24929805053352205,0.06472211106063641,0.3246713617902395,0.6832127510666408,0.856715704777818,0.9337523425142809,0.6831880516242359,-0.7536582637116236,0.540207404487465,-0.17252471973293604,0.3366225262044784,0.6008518704134418,0.11882582867803726,-0.46640965642186405,0.26693593327430887,0.7759077921201192
49.23064010468067,-0.2657393145713445,0.37858547978391877,0.5871253036697108,-0.3995618319084042,-0.7704984818026859,0.20043061804922813,0.9114690091916804,0.5013599267812066,0.8403407671592618,-0.7844202983224069,-0.042374934435069456,-0.5666595753736681,-0.6837382363725464,-0.07775870126966722,0.9708796040373067,-0.14111367779897233,0.3123366863525001,-0.14996657543327685,-0.9766900140172436,0.11890429000307345,-0.991742680745364,-0.8942885888248906,-0.9203824692936444,0.20345041130387465,-0.07402994594121237,-0.5654438770430601,-0.28027152928648524,0.4184954180945373,-0.47102954457914614,-0.25241512683248746,0.5893738665249644,-0.16630588637721333,-0.6447211839108462,0.6654224625834093,0.5573207670870954,0.6163269907895397,0.0718729082852203,0.10614170349900309,-0.34019883278466745,0.9862668670408561,0.5230306128784692,0.10415646420799685,-0.9982826559079361,-0.9970477696457396,0.31813388736073067,-0.5359685228133295,0.4896151394125816,0.15402282791915045,-0.9757085763178117,-0.5218708443225017,-0.447747824804148,-0.1947922622048861,0.18714623898592864,0.9473626345807944,0.842149972831,0.18417125582602112,-0.03457514679097895,0.8054385394639412,0.7911105973319856,-0.6124577156139501,0.7628228011082971,0.4044985155740899,-0.27693726900994675,0.7035431988715386,-0.49077907239437035,-0.34777827703549,0.4040841171900138,0.8841284468831949,-0.9870433266460517,0.7643513172090912,-0.611543082642483,0.7570555753635708,-0.07857827833023712,0.46869639723813394,-0.817461677399278,-0.53048570356968,0.9239555457805115,-0.8011852908374322,0.6744610463101739,0.5698565103898787,0.5788981636472987,0.9763064466934548,0.9492643222800188,-0.8453195253591805,-0.9144111164397042,0.7017614137779455,0.5551829489083739,-0.2914730625744377,-0.6940683477384,-0.3467090686847025,0.6851572865699329,-0.6758954578196001,-0.6895126256376516,0.4900009814523114,0.052385418149929475,0.9978532471774952,-0.25907537513521794,-0.561718043346688,-0.7259208090512466,0.9888553520070806,-0.8782214684190894,0.814488162154023,-0.6798323497872736,-0.22463990233610698,-0.14113690011808422,-0.4958590242931933,-0.5412125614892769,0.3378251509616359,-0.5542315262061672,-0.7674493052721425,-0.6730525800799629,-0.8819053641437962,0.33861944682371536,-0.8248033828392605,0.8692446357033605,0.6400916939706771,-0.4723897038973579,-0.5001595553649938,0.5684214457496188,-0.42370542343719597,0.5232009862669125,0.680662672934123,-0.4611497339495587,-0.925443277034673,-0.9621604204042393,-0.6134249092782524,0.25952520872924945,0.23493104830506795,-0.9072456674844611,-0.6341576019271988,0.919285373439992,-0.5890360005907904,-0.5117599863409821,0.5457080842061199,0.06288114095241104,0.6293674469319201,0.8084461602829129,-0.15785393104999068,0.011399141548429803,-0.14114867356281624,-0.3393110939412569,-0.9145925876694685,-0.22158992689773638,-0.4050917286946236,-0.14273971834257804,-0.09267178697535039,-0.9654226426513042,0.7919339205895235,-0.35198205116498715,0.4110185091345233,-0.8501731253326659,-0.3924275256951104,0.6497357411419697,0.1852033439541083,-0.999727349404095,-0.05454491287174301,0.9968774349513865,0.8347449485233731,-0.9487686845236349,0.2970411749331312,-0.7123795823154611,0.25203119939332064,-0.8420163349957888,0.6500516054808896,-0.16915773636518594,0.4055942022648207,0.4624071347630405,0.24494903515207156,-0.47959130817509,0.8267732270058457,-0.9506534388854633,-0.13842179148580547,-0.03722673518134645,-0.8983751795155295,0.4847744505587688,0.5395942964579541,0.40185382796282676,0.6571882973856118,0.5635316224169571,0.9497733972031137,0.5718176071592984,0.8258461190664939,-0.4024104583151351,-0.14653484827465513,0.5609621809446226,0.8337866542070793,-0.126962940241788,-0.6739583627301287,0.5976040708565493,0.10536237650377256,0.041297918287033886,-0.8594954550496041,0.7430926073215558,0.5019234390590115,-0.6406166300782781,-0.4024739884659603,-0.6675056054588908,0.39950346819996585,0.7717322721151187,-0.43713737643108663,0.6679024689710948,-0.7382746076680411,0.3066416094437716,0.7475897334339989,0.3994811404707639,0.12733138674917632,0.1570930960219692,0.4405646633243625,-0.8596016053176716,-0.952184154408267,-0.7269359787565104,0.9170378565899457,0.5283511937429115,0.42378078138563424,0.17180700482482592,0.7574375510179463,0.9297089525073963,-0.3833211295504806,0.15730857871984583,-0.5035210945305049,0.6042700368954208,0.8274144349099757,-0.4495036827654333,0.01969151609721198,0.3193871778476838,0.2839561964351667,0.3082784665501819,0.7374188744347632,0.9455222182029166,-0.5020466672540715,0.04162683761784258,0.9464349377840149,0.6353560608112725,0.6733885397105408,0.5920600304667372,0.1696606221847483,0.43352572461801,-0.9748716256770973,-0.4363857531342419,0.2528947378266053,-0.0161442152120419,-0.8496468900930696,0.812690714285746,-0.6250804692212584,-0.06346667264225037,-0.7194552633422202,-0.5652525129434638,-0.16750872354653668,0.8327508137312041,0.24929805053352205,0.06472211106063641,0.3246713617902395,0.6832127510666408,0.856715704777818,0.9337523425142809,0.6831880516242359,-0.14979568860094572,0.540207404487465,-0.17252471973293604,0.3366225262044784,0.6008518704134418,0.11882582867803726,-0.46640965642186405,0.26693593327430887,0.7759077921201192
50.34765711622654,0.9066636444603449,0.37858547978391877,0.5871253036697108,-0.3995618319084042,-0.7704984818026859,0.030075503347994026,0.9114690091916804,0.5013599267812066,0.8403407671592618,-0.7844202983224069,-0.042374934435069456,-0.5666595753736681,0.9238746227244805,-0.6105748805284437,0.9708796040373067,-0.7899013379544684,0.3123366863525001,0.9663217289954851,-0.9766900140172436,0.6935184301171309,-0.991742680745364,-0.4692757020594003,0.9054631946638647,0.20345041130387465,-0.07402994594121237,-0.11906683029960985,-0.9511210001261485,0.4184954180945373,-0.47102954457914614,-0.25241512683248746,0.5893738665249644,-0.16630588637721333,-0.6447211839108462,0.6654224625834093,0.5573207670870954,0.6084369733227366,0.0718729082852203,0.7129294350142454,-0.34019883278466745,0.876396224335793,-0.6780596266016512,0.10415646420799685,-0.9982826559079361,-0.9970477696457396,0.5240761519690176,-0.5246959349881806,0.4896151394125816,0.35313092496776743,0.07892681635857923,-0.3124896557386261,-0.447747824804148,-0.1947922622048861,0.18714623898592864,0.9473626345807944,0.842149972831,0.18417125582602112,-0.03457514679097895,0.8054385394639412,0.7911105973319856,-0.6124577156139501,0.7628228011082971,-0.7821644542720179,-0.27693726900994675,0.7035431988715386,0.5510982703636222,0.5869620209021233,0.4040841171900138,0.8841284468831949,-0.9870433266460517,0.6988965008685604,-0.611543082642483,0.7570555753635708,-0.07857827833023712,0.46869639723813394,0.3915653222794324,-0.53048570356968,0.9239555457805115,-0.18212665264387473,0.6744610463101739,0.2925131284813669,0.06242916189202696,0.9763064466934548,0.5684346143721719,-0.8453195253591805,-0.9144111164397042,-0.6379772435179645,0.5551829489083739,-0.2914730625744377,-0.6940683477384,-0.3467090686847025,0.6851572865699329,-0.6758954578196001,-0.6895126256376516,0.44538455573967806,0.052385418149929475,0.9978532471774952,-0.22652714475139302,-0.3302917062776365,-0.15311916390543256,0.9888553520070806,-0.8782214684190894,0.814488162154023,-0.6798323497872736,-0.22463990233610698,0.09389889045872435,-0.4958590242931933,-0.19196711713365544,0.3378251509616359,-0.5542315262061672,-0.7674493052721425,-0.6730525800799629,-0.8819053641437962,0.33861944682371536,-0.8248033828392605,0.8692446357033605,0.2541585910044746,-0.5793785195638799,-0.694806498669615,0.5684214457496188,-0.7447440878989007,0.5232009862669125,0.680662672934123,-0.45078817685567807,-0.925443277034673,-0.9621604204042393,-0.9041474741489313,0.25952520872924945,0.23493104830506795,-0.9072456674844611,-0.6341576019271988,-0.4173698054519104,-0.09552161038213547,-0.7302847381519002,-0.6166637555734862,0.4463733452384788,0.225167552412058,0.7697813281293227,0.18357131965545137,0.13206083397905388,0.11532373593053524,-0.47721742719817994,-0.5948986160052163,-0.39867200586067786,-0.022336036801389625,-0.19324744332215138,-0.9125789694071109,0.5150731818784717,0.5739365890789982,-0.306893016527501,-0.353192190024993,-0.09810901938481664,0.1909351531954251,0.14284090852423414,0.9269023817849724,0.205691893817592,0.3722480390423857,0.38357939576824096,0.677916138453786,-0.2536221070201534,0.40108742649214335,-0.24576562709377558,-0.8175436781069918,-0.8490739484332326,0.7505233633538104,0.6841720671447522,0.04844373483898967,0.4956188215232824,0.7091855551969868,-0.9224157831056254,0.523427400846558,0.10398758895713445,-0.3831613388541153,0.09451788129228111,0.12606538377286625,0.0992818102700932,0.8646222949875113,-0.2855437682452522,-0.4514578972617378,-0.7888864410547216,0.39118783173758653,-0.7762387863486107,0.22235584610493575,0.8311063792510316,-0.9790856893039483,-0.502243112351727,-0.03799819357647438,0.9376725695455312,-0.4865501828459138,-0.9611577961225708,-0.6514725646403845,-0.9340311883001124,0.27175951977886004,-0.37679407674708143,0.6295176081695231,-0.9731473505672785,-0.7832745464437147,-0.6675056054588908,-0.7865158678386628,0.7717322721151187,-0.43713737643108663,0.8997760841755,-0.7382746076680411,0.12959016967565717,0.7475897334339989,-0.8702659319307988,0.12733138674917632,0.1570930960219692,-0.03524487350800287,-0.8596016053176716,-0.44475125304462226,-0.7269359787565104,0.9170378565899457,0.41134897082599076,-0.4942756449645431,0.17180700482482592,0.7574375510179463,0.5221703863033371,-0.3833211295504806,0.6053889401420802,-0.5035210945305049,0.6042700368954208,0.44988457294787043,-0.4495036827654333,0.7867656572998549,0.3193871778476838,0.2839561964351667,0.32789772113842663,-0.04815813267277047,0.558369971071186,0.9777923143058622,0.04162683761784258,0.2835862922972556,0.5667094587379262,0.6733885397105408,0.5920600304667372,0.1696606221847483,0.10533013392632573,-0.9748716256770973,-0.2731214415063361,0.47832525663913983,-0.0161442152120419,-0.8496468900930696,0.812690714285746,-0.6250804692212584,-0.06346667264225037,-0.7194552633422202,-0.80631261566943,-0.16750872354653668,-0.3063569452589159,0.24929805053352205,0.06472211106063641,0.3246713617902395,0.6832127510666408,0.856715704777818,0.9337523425142809,0.6831880516242359,-0.7536582637116236,0.2747720479035718,-0.17252471973293604,0.3366225262044784,0.6008518704134418,0.11882582867803726,-0.46640965642186405,0.26693593327430887,0.7759077921201192
50.34765711622654,0.9066636444603449,0.37858547978391877,0.5871253036697108,-0.3995618319084042,-0.7704984818026859,0.030075503347994026,0.9114690091916804,0.5013599267812066,0.8403407671592618,-0.7844202983224069,-0.042374934435069456,-0.5666595753736681,0.9238746227244805,-0.6105748805284437,0.9708796040373067,-0.7899013379544684,0.3123366863525001,0.9663217289954851,-0.9766900140172436,0.6935184301171309,-0.991742680745364,-0.4692757020594003,0.9054631946638647,0.20345041130387465,-0.07402994594121237,-0.11906683029960985,-0.9511210001261485,0.4184954180945373,-0.47102954457914614,-0.25241512683248746,0.5893738665249644,-0.16630588637721333,-0.6447211839108462,0.6654224625834093,0.5573207670870954,0.6084369733227366,0.0718729082852203,0.7129294350142454,-0.34019883278466745,0.876396224335793,-0.6780596266016512,0.10415646420799685,-0.9982826559079361,-0.9970477696457396,0.5240761519690176,-0.5246959349881806,0.4896151394125816,0.35313092496776743,0.07892681635857923,-0.3124896557386261,-0.447747824804148,-0.1947922622048861,0.18714623898592864,0.9473626345807944,0.842149972831,0.18417125582602112,-0.03457514679097895,0.8054385394639412,0.7911105973319856,-0.6124577156139501,0.7628228011082971,-0.7821644542720179,-0.27693726900994675,0.7035431988715386,0.5510982703636222,0.5869620209021233,0.4040841171900138,0.8841284468831949,-0.9870433266460517,0.6988965008685604,-0.611543082642483,0.7570555753635708,-0.07857827833023712,0.46869639723813394,0.3915653222794324,-0.53048570356968,0.9239555457805115,-0.18212665264387473,0.6744610463101739,0.2925131284813669,0.06242916189202696,0.9763064466934548,0.5684346143721719,-0.8453195253591805,-0.9144111164397042,-0.6379772435179645,0.5551829489083739,-0.2914730625744377,-0.6940683477384,-0.3467090686847025,0.6851572865699329,-0.6758954578196001,-0.6895126256376516,0.44538455573967806,0.052385418149929475,0.9978532471774952,-0.22652714475139302,-0.3302917062776365,-0.15311916390543256,0.9888553520070806,-0.8782214684190894,0.814488162154023,-0.6798323497872736,-0.22463990233610698,0.09389889045872435,-0.4958590242931933,-0.19196711713365544,0.3378251509616359,-0.5542315262061672,-0.7674493052721425,-0.6730525800799629,-0.8819053641437962,0.33861944682371536,-0.8248033828392605,0.8692446357033605,0.2541585910044746,-0.5793785195638799,-0.694806498669615,0.5684214457496188,-0.7447440878989007,0.5232009862669125,0.680662672934123,-0.45078817685567807,-0.925443277034673,-0.9621604204042393,-0.9041474741489313,0.25952520872924945,0.23493104830506795,-0.9072456674844611,-0.6341576019271988,-0.4173698054519104,-0.09552161038213547,-0.7302847381519002,-0.6166637555734862,0.4463733452384788,0.225167552412058,0.7697813281293227,0.18357131965545137,0.13206083397905388,0.11532373593053524,-0.47721742719817994,-0.5948986160052163,-0.39867200586067786,-0.022336036801389625,-0.19324744332215138,-0.9125789694071109,0.5150731818784717,0.5739365890789982,-0.306893016527501,-0.353192190024993,-0.09810901938481664,0.1909351531954251,0.14284090852423414,0.9269023817849724,0.205691893817592,0.3722480390423857,0.38357939576824096,0.677916138453786,-0.2536221070201534,0.40108742649214335,-0.24576562709377558,-0.8175436781069918,-0.8490739484332326,0.7505233633538104,0.6841720671447522,0.04844373483898967,0.4956188215232824,0.7091855551969868,-0.9224157831056254,0.523427400846558,0.10398758895713445,-0.3831613388541153,0.09451788129228111,0.12606538377286625,0.0992818102700932,0.8646222949875113,-0.2855437682452522,-0.4514578972617378,-0.7888864410547216,0.39118783173758653,-0.7762387863486107,0.22235584610493575,0.8311063792510316,-0.9790856893039483,-0.502243112351727,-0.03799819357647438,0.9376725695455312,-0.4865501828459138,-0.9611577961225708,-0.6514725646403845,-0.9340311883001124,0.27175951977886004,-0.37679407674708143,0.6295176081695231,-0.9731473505672785,-0.7832745464437147,-0.6675056054588908,-0.7865158678386628,0.7717322721151187,-0.43713737643108663,0.8997760841755,-0.7382746076680411,0.12959016967565717,0.7475897334339989,-0.8702659319307988,0.12733138674917632,0.1570930960219692,-0.03524487350800287,-0.8596016053176716,-0.44475125304462226,-0.7269359787565104,0.9170378565899457,0.41134897082599076,-0.4942756449645431,0.17180700482482592,0.7574375510179463,0.5221703863033371,-0.3833211295504806,0.6053889401420802,-0.5035210945305049,0.6042700368954208,0.44988457294787043,-0.4495036827654333,0.7867656572998549,0.3193871778476838,0.2839561964351667,0.32789772113842663,-0.04815813267277047,0.558369971071186,0.9777923143058622,0.04162683761784258,0.2835862922972556,0.5667094587379262,0.6733885397105408,0.5920600304667372,0.1696606221847483,0.10533013392632573,-0.9748716256770973,-0.2731214415063361,0.47832525663913983,-0.0161442152120419,-0.8496468900930696,0.812690714285746,-0.6250804692212584,-0.06346667264225037,-0.7194552633422202,-0.80631261566943,-0.16750872354653668,-0.3063569452589159,0.24929805053352205,0.06472211106063641,0.3246713617902395,0.6832127510666408,0.856715704777818,0.9337523425142809,0.6831880516242359,-0.7536582637116236,0.2747720479035718,-0.17252471973293604,0.3366225262044784,0.6008518704134418,0.11882582867803726,-0.46640965642186405,0.26693593327430887,0.7759077921201192
50.34765711622654,0.9066636444603449,0.37858547978391877,0.5871253036697108,-0.3995618319084042,-0.7704984818026859,0.030075503347994026,0.9114690091916804,0.5013599267812066,0.8403407671592618,-0.7844202983224069,-0.042374934435069456,-0.5666595753736681,0.9238746227244805,-0.6105748805284437,0.9708796040373067,-0.7899013379544684,0.3123366863525001,0.9663217289954851,-0.9766900140172436,0.6935184301171309,-0.991742680745364,-0.4692757020594003,0.9054631946638647,0.20345041130387465,-0.07402994594121237,-0.11906683029960985,-0.9511210001261485,0.4184954180945373,-0.47102954457914614,-0.25241512683248746,0.5893738665249644,-0.16630588637721333,-0.6447211839108462,0.6654224625834093,0.5573207670870954,0.6084369733227366,0.0718729082852203,0.7129294350142454,-0.34019883278466745,0.876396224335793,-0.6780596266016512,0.10415646420799685,-0.9982826559079361,-0.9970477696457396,0.5240761519690176,-0.5246959349881806,0.4896151394125816,0.35313092496776743,0.07892681635857923,-0.3124896557386261,-0.447747824804148,-0.1947922622048861,0.18714623898592864,0.9473626345807944,0.842149972831,0.18417125582602112,-0.03457514679097895,0.8054385394639412,0.7911105973319856,-0.6124577156139501,0.7628228011082971,-0.7821644542720179,-0.27693726900994675,0.7035431988715386,0.5510982703636222,0.5869620209021233,0.4040841171900138,0.8841284468831949,-0.9870433266460517,0.6988965008685604,-0.611543082642483,0.7570555753635708,-0.07857827833023712,0.46869639723813394,0.3915653222794324,-0.53048570356968,0.9239555457805115,-0.18212665264387473,0.6744610463101739,0.2925131284813669,0.06242916189202696,0.9763064466934548,0.5684346143721719,-0.8453195253591805,-0.9144111164397042,-0.6379772435179645,0.5551829489083739,-0.2914730625744377,-0.6940683477384,-0.3467090686847025,0.6851572865699329,-0.6758954578196001,-0.6895126256376516,0.44538455573967806,0.052385418149929475,0.9978532471774952,-0.22652714475139302,-0.3302917062776365,-0.15311916390543256,0.9888553520070806,-0.8782214684190894,0.814488162154023,-0.6798323497872736,-0.22463990233610698,0.09389889045872435,-0.4958590242931933,-0.19196711713365544,0.3378251509616359,-0.5542315262061672,-0.7674493052721425,-0.6730525800799629,-0.8819053641437962,0.33861944682371536,-0.8248033828392605,0.8692446357033605,0.2541585910044746,-0.5793785195638799,-0.694806498669615,0.5684214457496188,-0.7447440878989007,0.5232009862669125,0.680662672934123,-0.45078817685567807,-0.925443277034673,-0.9621604204042393,-0.9041474741489313,0.25952520872924945,0.23493104830506795,-0.9072456674844611,-0.6341576019271988,-0.4173698054519104,-0.09552161038213547,-0.7302847381519002,-0.6166637555734862,0.4463733452384788,0.225167552412058,0.7697813281293227,0.18357131965545137,0.13206083397905388,0.11532373593053524,-0.47721742719817994,-0.5948986160052163,-0.39867200586067786,-0.022336036801389625,-0.19324744332215138,-0.9125789694071109,0.5150731818784717,0.5739365890789982,-0.306893016527501,-0.353192190024993,-0.09810901938481664,0.1909351531954251,0.14284090852423414,0.9269023817849724,0.205691893817592,0.3722480390423857,0.38357939576824096,0.677916138453786,-0.2536221070201534,0.40108742649214335,-0.24576562709377558,-0.8175436781069918,-0.8490739484332326,0.7505233633538104,0.6841720671447522,0.04844373483898967,0.4956188215232824,0.7091855551969868,-0.9224157831056254,0.523427400846558,0.10398758895713445,-0.3831613388541153,0.09451788129228111,0.12606538377286625,0.0992818102700932,0.8646222949875113,-0.2855437682452522,-0.4514578972617378,-0.7888864410547216,0.39118783173758653,-0.7762387863486107,0.22235584610493575,0.8311063792510316,-0.9790856893039483,-0.502243112351727,-0.03799819357647438,0.9376725695455312,-0.4865501828459138,-0.9611577961225708,-0.6514725646403845,-0.9340311883001124,0.27175951977886004,-0.37679407674708143,0.6295176081695231,-0.9731473505672785,-0.7832745464437147,-0.6675056054588908,-0.7865158678386628,0.7717322721151187,-0.43713737643108663,0.8997760841755,-0.7382746076680411,0.12959016967565717,0.7475897334339989,-0.8702659319307988,0.12733138674917632,0.1570930960219692,-0.03524487350800287,-0.8596016053176716,-0.44475125304462226,-0.7269359787565104,0.9170378565899457,0.41134897082599076,-0.4942756449645431,0.17180700482482592,0.7574375510179463,0.5221703863033371,-0.3833211295504806,0.6053889401420802,-0.5035210945305049,0.6042700368954208,0.44988457294787043,-0.4495036827654333,0.7867656572998549,0.3193871778476838,0.2839561964351667,0.32789772113842663,-0.04815813267277047,0.558369971071186,0.9777923143058622,0.04162683761784258,0.2835862922972556,0.5667094587379262,0.6733885397105408,0.5920600304667372,0.1696606221847483,0.10533013392632573,-0.9748716256770973,-0.2731214415063361,0.47832525663913983,-0.0161442152120419,-0.8496468900930696,0.812690714285746,-0.6250804692212584,-0.06346667264225037,-0.7194552633422202,-0.80631261566943,-0.16750872354653668,-0.3063569452589159,0.24929805053352205,0.06472211106063641,0.3246713617902395,0.6832127510666408,0.856715704777818,0.9337523425142809,0.6831880516242359,-0.7536582637116236,0.2747720479035718,-0.17252471973293604,0.3366225262044784,0.6008518704134418,0.11882582867803726,-0.46640965642186405,0.26693593327430887,0.7759077921201192
50.34765711622654,0.9066636444603449,0.37858547978391877,0.5871253036697108,-0.3995618319084042,-0.7704984818026859,0.030075503347994026,0.9114690091916804,0.5013599267812066,0.8403407671592618,-0.7844202983224069,-0.042374934435069456,-0.5666595753736681,0.9238746227244805,-0.6105748805284437,0.9708796040373067,-0.7899013379544684,0.3123366863525001,0.9663217289954851,-0.9766900140172436,0.6935184301171309,-0.991742680745364,-0.4692757020594003,0.9054631946638647,0.20345041130387465,-0.07402994594121237,-0.11906683029960985,-0.9511210001261485,0.4184954180945373,-0.47102954457914614,-0.25241512683248746,0.5893738665249644,-0.16630588637721333,-0.6447211839108462,0.6654224625834093,0.5573207670870954,0.6084369733227366,0.0718729082852203,0.7129294350142454,-0.34019883278466745,0.876396224335793,-0.6780596266016512,0.10415646420799685,-0.9982826559079361,-0.9970477696457396,0.5240761519690176,-0.5246959349881806,0.4896151394125816,0.35313092496776743,0.07892681635857923,-0.3124896557386261,-0.447747824804148,-0.1947922622048861,0.18714623898592864,0.9473626345807944,0.842149972831,0.18417125582602112,-0.03457514679097895,0.8054385394639412,0.7911105973319856,-0.6124577156139501,0.7628228011082971,-0.7821644542720179,-0.27693726900994675,0.7035431988715386,0.5510982703636222,0.5869620209021233,0.4040841171900138,0.8841284468831949,-0.9870433266460517,0.6988965008685604,-0.611543082642483,0.7570555753635708,-0.07857827833023712,0.46869639723813394,0.3915653222794324,-0.53048570356968,0.9239555457805115,-0.18212665264387473,0.6744610463101739,0.2925131284813669,0.06242916189202696,0.9763064466934548,0.5684346143721719,-0.8453195253591805,-0.9144111164397042,-0.6379772435179645,0.5551829489083739,-0.2914730625744377,-0.6940683477384,-0.3467090686847025,0.6851572865699329,-0.6758954578196001,-0.6895126256376516,0.44538455573967806,0.052385418149929475,0.9978532471774952,-0.22652714475139302,-0.3302917062776365,-0.15311916390543256,0.9888553520070806,-0.8782214684190894,0.814488162154023,-0.6798323497872736,-0.22463990233610698,0.09389889045872435,-0.4958590242931933,-0.19196711713365544,0.3378251509616359,-0.5542315262061672,-0.7674493052721425,-0.6730525800799629,-0.8819053641437962,0.33861944682371536,-0.8248033828392605,0.8692446357033605,0.2541585910044746,-0.5793785195638799,-0.694806498669615,0.5684214457496188,-0.7447440878989007,0.5232009862669125,0.680662672934123,-0.45078817685567807,-0.925443277034673,-0.9621604204042393,-0.9041474741489313,0.25952520872924945,0.23493104830506795,-0.9072456674844611,-0.6341576019271988,-0.4173698054519104,-0.09552161038213547,-0.7302847381519002,-0.6166637555734862,0.4463733452384788,0.225167552412058,0.7697813281293227,0.18357131965545137,0.13206083397905388,0.11532373593053524,-0.47721742719817994,-0.5948986160052163,-0.39867200586067786,-0.022336036801389625,-0.19324744332215138,-0.9125789694071109,0.5150731818784717,0.5739365890789982,-0.306893016527501,-0.353192190024993,-0.09810901938481664,0.1909351531954251,0.14284090852423414,0.9269023817849724,0.205691893817592,0.3722480390423857,0.38357939576824096,0.677916138453786,-0.2536221070201534,0.40108742649214335,-0.24576562709377558,-0.8175436781069918,-0.8490739484332326,0.7505233633538104,0.6841720671447522,0.04844373483898967,0.4956188215232824,0.7091855551969868,-0.9224157831056254,0.523427400846558,0.10398758895713445,-0.3831613388541153,0.09451788129228111,0.12606538377286625,0.0992818102700932,0.8646222949875113,-0.2855437682452522,-0.4514578972617378,-0.7888864410547216,0.39118783173758653,-0.7762387863486107,0.22235584610493575,0.8311063792510316,-0.9790856893039483,-0.502243112351727,-0.03799819357647438,0.9376725695455312,-0.4865501828459138,-0.9611577961225708,-0.6514725646403845,-0.9340311883001124,0.27175951977886004,-0.37679407674708143,0.6295176081695231,-0.9731473505672785,-0.7832745464437147,-0.6675056054588908,-0.7865158678386628,0.7717322721151187,-0.43713737643108663,0.8997760841755,-0.7382746076680411,0.12959016967565717,0.7475897334339989,-0.8702659319307988,0.12733138674917632,0.1570930960219692,-0.03524487350800287,-0.8596016053176716,-0.44475125304462226,-0.7269359787565104,0.9170378565899457,0.41134897082599076,-0.4942756449645431,0.17180700482482592,0.7574375510179463,0.5221703863033371,-0.3833211295504806,0.6053889401420802,-0.5035210945305049,0.6042700368954208,0.44988457294787043,-0.4495036827654333,0.7867656572998549,0.3193871778476838,0.2839561964351667,0.32789772113842663,-0.04815813267277047,0.558369971071186,0.9777923143058622,0.04162683761784258,0.2835862922972556,0.5667094587379262,0.6733885397105408,0.5920600304667372,0.1696606221847483,0.10533013392632573,-0.9748716256770973,-0.2731214415063361,0.47832525663913983,-0.0161442152120419,-0.8496468900930696,0.812690714285746,-0.6250804692212584,-0.06346667264225037,-0.7194552633422202,-0.80631261566943,-0.16750872354653668,-0.3063569452589159,0.24929805053352205,0.06472211106063641,0.3246713617902395,0.6832127510666408,0.856715704777818,0.9337523425142809,0.6831880516242359,-0.7536582637116236,0.2747720479035718,-0.17252471973293604,0.3366225262044784,0.6008518704134418,0.11882582867803726,-0.46640965642186405,0.26693593327430887,0.7759077921201192
50.34765711622654,0.9066636444603449,0.37858547978391877,0.5871253036697108,-0.3995618319084042,-0.7704984818026859,0.030075503347994026,0.9114690091916804,0.5013599267812066,0.8403407671592618,-0.7844202983224069,-0.042374934435069456,-0.5666595753736681,0.9238746227244805,-0.6105748805284437,0.9708796040373067,-0.7899013379544684,0.3123366863525001,0.9663217289954851,-0.9766900140172436,0.6935184301171309,-0.991742680745364,-0.4692757020594003,0.9054631946638647,0.20345041130387465,-0.07402994594121237,-0.11906683029960985,-0.9511210001261485,0.4184954180945373,-0.47102954457914614,-0.25241512683248746,0.5893738665249644,-0.16630588637721333,-0.6447211839108462,0.6654224625834093,0.5573207670870954,0.6084369733227366,0.0718729082852203,0.7129294350142454,-0.34019883278466745,0.876396224335793,-0.6780596266016512,0.10415646420799685,-0.9982826559079361,-0.9970477696457396,0.5240761519690176,-0.5246959349881806,0.4896151394125816,0.35313092496776743,0.07892681635857923,-0.3124896557386261,-0.447747824804148,-0.1947922622048861,0.18714623898592864,0.9473626345807944,0.842149972831,0.18417125582602112,-0.03457514679097895,0.8054385394639412,0.7911105973319856,-0.6124577156139501,0.7628228011082971,-0.7821644542720179,-0.27693726900994675,0.7035431988715386,0.5510982703636222,0.5869620209021233,0.4040841171900138,0.8841284468831949,-0.9870433266460517,0.6988965008685604,-0.611543082642483,0.7570555753635708,-0.07857827833023712,0.46869639723813394,0.3915653222794324,-0.53048570356968,0.9239555457805115,-0.18212665264387473,0.6744610463101739,0.2925131284813669,0.06242916189202696,0.9763064466934548,0.5684346143721719,-0.8453195253591805,-0.9144111164397042,-0.6379772435179645,0.5551829489083739,-0.2914730625744377,-0.6940683477384,-0.3467090686847025,0.6851572865699329,-0.6758954578196001,-0.6895126256376516,0.44538455573967806,0.052385418149929475,0.9978532471774952,-0.22652714475139302,-0.3302917062776365,-0.15311916390543256,0.9888553520070806,-0.8782214684190894,0.814488162154023,-0.6798323497872736,-0.22463990233610698,0.09389889045872435,-0.4958590242931933,-0.19196711713365544,0.3378251509616359,-0.5542315262061672,-0.7674493052721425,-0.6730525800799629,-0.8819053641437962,0.33861944682371536,-0.8248033828392605,0.8692446357033605,0.2541585910044746,-0.5793785195638799,-0.694806498669615,0.5684214457496188,-0.7447440878989007,0.5232009862669125,0.680662672934123,-0.45078817685567807,-0.925443277034673,-0.9621604204042393,-0.9041474741489313,0.25952520872924945,0.23493104830506795,-0.9072456674844611,-0.6341576019271988,-0.4173698054519104,-0.09552161038213547,-0.7302847381519002,-0.6166637555734862,0.4463733452384788,0.225167552412058,0.7697813281293227,0.18357131965545137,0.13206083397905388,0.11532373593053524,-0.47721742719817994,-0.5948986160052163,-0.39867200586067786,-0.022336036801389625,-0.19324744332215138,-0.9125789694071109,0.5150731818784717,0.5739365890789982,-0.306893016527501,-0.353192190024993,-0.09810901938481664,0.1909351531954251,0.14284090852423414,0.9269023817849724,0.205691893817592,0.3722480390423857,0.38357939576824096,0.677916138453786,-0.2536221070201534,0.40108742649214335,-0.24576562709377558,-0.8175436781069918,-0.8490739484332326,0.7505233633538104,0.6841720671447522,0.04844373483898967,0.4956188215232824,0.7091855551969868,-0.9224157831056254,0.523427400846558,0.10398758895713445,-0.3831613388541153,0.09451788129228111,0.12606538377286625,0.0992818102700932,0.8646222949875113,-0.2855437682452522,-0.4514578972617378,-0.7888864410547216,0.39118783173758653,-0.7762387863486107,0.22235584610493575,0.8311063792510316,-0.9790856893039483,-0.502243112351727,-0.03799819357647438,0.9376725695455312,-0.4865501828459138,-0.9611577961225708,-0.6514725646403845,-0.9340311883001124,0.27175951977886004,-0.37679407674708143,0.6295176081695231,-0.9731473505672785,-0.7832745464437147,-0.6675056054588908,-0.7865158678386628,0.7717322721151187,-0.43713737643108663,0.8997760841755,-0.7382746076680411,0.12959016967565717,0.7475897334339989,-0.8702659319307988,0.12733138674917632,0.1570930960219692,-0.03524487350800287,-0.8596016053176716,-0.44475125304462226,-0.7269359787565104,0.9170378565899457,0.41134897082599076,-0.4942756449645431,0.17180700482482592,0.7574375510179463,0.5221703863033371,-0.3833211295504806,0.6053889401420802,-0.5035210945305049,0.6042700368954208,0.44988457294787043,-0.4495036827654333,0.7867656572998549,0.3193871778476838,0.2839561964351667,0.32789772113842663,-0.04815813267277047,0.558369971071186,0.9777923143058622,0.04162683761784258,0.2835862922972556,0.5667094587379262,0.6733885397105408,0.5920600304667372,0.1696606221847483,0.10533013392632573,-0.9748716256770973,-0.2731214415063361,0.47832525663913983,-0.0161442152120419,-0.8496468900930696,0.812690714285746,-0.6250804692212584,-0.06346667264225037,-0.7194552633422202,-0.80631261566943,-0.16750872354653668,-0.3063569452589159,0.24929805053352205,0.06472211106063641,0.3246713617902395,0.6832127510666408,0.856715704777818,0.9337523425142809,0.6831880516242359,-0.7536582637116236,0.2747720479035718,-0.17252471973293604,0.3366225262044784,0.6008518704134418,0.11882582867803726,-0.46640965642186405,0.26693593327430887,0.7759077921201192
50.34765711622654,0.9066636444603449,0.37858547978391877,0.5871253036697108,-0.3995618319084042,-0.7704984818026859,0.030075503347994026,0.9114690091916804,0.5013599267812066,0.8403407671592618,-0.7844202983224069,-0.042374934435069456,-0.5666595753736681,0.9238746227244805,-0.6105748805284437,0.9708796040373067,-0.7899013379544684,0.3123366863525001,0.9663217289954851,-0.9766900140172436,0.6935184301171309,-0.991742680745364,-0.4692757020594003,0.9054631946638647,0.20345041130387465,-0.07402994594121237,-0.11906683029960985,-0.9511210001261485,0.4184954180945373,-0.47102954457914614,-0.25241512683248746,0.5893738665249644,-0.16630588637721333,-0.6447211839108462,0.6654224625834093,0.5573207670870954,0.6084369733227366,0.0718729082852203,0.7129294350142454,-0.34019883278466745,0.876396224335793,-0.6780596266016512,0.10415646420799685,-0.9982826559079361,-0.9970477696457396,0.5240761519690176,-0.5246959349881806,0.4896151394125816,0.35313092496776743,0.07892681635857923,-0.3124896557386261,-0.447747824804148,-0.1947922622048861,0.18714623898592864,0.9473626345807944,0.842149972831,0.18417125582602112,-0.03457514679097895,0.8054385394639412,0.7911105973319856,-0.6124577156139501,0.7628228011082971,-0.7821644542720179,-0.27693726900994675,0.7035431988715386,0.5510982703636222,0.5869620209021233,0.4040841171900138,0.8841284468831949,-0.9870433266460517,0.6988965008685604,-0.611543082642483,0.7570555753635708,-0.07857827833023712,0.46869639723813394,0.3915653222794324,-0.53048570356968,0.9239555457805115,-0.18212665264387473,0.6744610463101739,0.2925131284813669,0.06242916189202696,0.9763064466934548,0.5684346143721719,-0.8453195253591805,-0.9144111164397042,-0.6379772435179645,0.5551829489083739,-0.2914730625744377,-0.6940683477384,-0.3467090686847025,0.6851572865699329,-0.6758954578196001,-0.6895126256376516,0.44538455573967806,0.052385418149929475,0.9978532471774952,-0.22652714475139302,-0.3302917062776365,-0.15311916390543256,0.9888553520070806,-0.8782214684190894,0.814488162154023,-0.6798323497872736,-0.22463990233610698,0.09389889045872435,-0.4958590242931933,-0.19196711713365544,0.3378251509616359,-0.5542315262061672,-0.7674493052721425,-0.6730525800799629,-0.8819053641437962,0.33861944682371536,-0.8248033828392605,0.8692446357033605,0.2541585910044746,-0.5793785195638799,-0.694806498669615,0.5684214457496188,-0.7447440878989007,0.5232009862669125,0.680662672934123,-0.45078817685567807,-0.925443277034673,-0.9621604204042393,-0.9041474741489313,0.25952520872924945,0.23493104830506795,-0.9072456674844611,-0.6341576019271988,-0.4173698054519104,-0.09552161038213547,-0.7302847381519002,-0.6166637555734862,0.4463733452384788,0.225167552412058,0.7697813281293227,0.18357131965545137,0.13206083397905388,0.11532373593053524,-0.47721742719817994,-0.5948986160052163,-0.39867200586067786,-0.022336036801389625,-0.19324744332215138,-0.9125789694071109,0.5150731818784717,0.5739365890789982,-0.306893016527501,-0.353192190024993,-0.09810901938481664,0.1909351531954251,0.14284090852423414,0.9269023817849724,0.205691893817592,0.3722480390423857,0.38357939576824096,0.677916138453786,-0.2536221070201534,0.40108742649214335,-0.24576562709377558,-0.8175436781069918,-0.8490739484332326,0.7505233633538104,0.6841720671447522,0.04844373483898967,0.4956188215232824,0.7091855551969868,-0.9224157831056254,0.523427400846558,0.10398758895713445,-0.3831613388541153,0.09451788129228111,0.12606538377286625,0.0992818102700932,0.8646222949875113,-0.2855437682452522,-0.4514578972617378,-0.7888864410547216,0.39118783173758653,-0.7762387863486107,0.22235584610493575,0.8311063792510316,-0.9790856893039483,-0.502243112351727,-0.03799819357647438,0.9376725695455312,-0.4865501828459138,-0.9611577961225708,-0.6514725646403845,-0.9340311883001124,0.27175951977886004,-0.37679407674708143,0.6295176081695231,-0.9731473505672785,-0.7832745464437147,-0.6675056054588908,-0.7865158678386628,0.7717322721151187,-0.43713737643108663,0.8997760841755,-0.7382746076680411,0.12959016967565717,0.7475897334339989,-0.8702659319307988,0.12733138674917632,0.1570930960219692,-0.03524487350800287,-0.8596016053176716,-0.44475125304462226,-0.7269359787565104,0.9170378565899457,0.41134897082599076,-0.4942756449645431,0.17180700482482592,0.7574375510179463,0.5221703863033371,-0.3833211295504806,0.6053889401420802,-0.5035210945305049,0.6042700368954208,0.44988457294787043,-0.4495036827654333,0.7867656572998549,0.3193871778476838,0.2839561964351667,0.32789772113842663,-0.04815813267277047,0.558369971071186,0.9777923143058622,0.04162683761784258,0.2835862922972556,0.5667094587379262,0.6733885397105408,0.5920600304667372,0.1696606221847483,0.10533013392632573,-0.9748716256770973,-0.2731214415063361,0.47832525663913983,-0.0161442152120419,-0.8496468900930696,0.812690714285746,-0.6250804692212584,-0.06346667264225037,-0.7194552633422202,-0.80631261566943,-0.16750872354653668,-0.3063569452589159,0.24929805053352205,0.06472211106063641,0.3246713617902395,0.6832127510666408,0.856715704777818,0.9337523425142809,0.6831880516242359,-0.7536582637116236,0.2747720479035718,-0.17252471973293604,0.3366225262044784,0.6008518704134418,0.11882582867803726,-0.46640965642186405,0.26693593327430887,0.7759077921201192
50.34765711622654,0.9066636444603449,0.37858547978391877,0.5871253036697108,-0.3995618319084042,-0.7704984818026859,0.030075503347994026,0.9114690091916804,0.5013599267812066,0.8403407671592618,-0.7844202983224069,-0.042374934435069456,-0.5666595753736681,0.9238746227244805,-0.6105748805284437,0.9708796040373067,-0.7899013379544684,0.3123366863525001,0.9663217289954851,-0.9766900140172436,0.6935184301171309,-0.991742680745364,-0.4692757020594003,0.9054631946638647,0.20345041130387465,-0.07402994594121237,-0.11906683029960985,-0.9511210001261485,0.4184954180945373,-0.47102954457914614,-0.25241512683248746,0.5893738665249644,-0.16630588637721333,-0.6447211839108462,0.6654224625834093,0.5573207670870954,0.6084369733227366,0.0718729082852203,0.7129294350142454,-0.34019883278466745,0.876396224335793,-0.6780596266016512,0.10415646420799685,-0.9982826559079361,-0.9970477696457396,0.5240761519690176,-0.5246959349881806,0.4896151394125816,0.35313092496776743,0.07892681635857923,-0.3124896557386261,-0.447747824804148,-0.1947922622048861,0.18714623898592864,0.9473626345807944,0.842149972831,0.18417125582602112,-0.03457514679097895,0.8054385394639412,0.7911105973319856,-0.6124577156139501,0.7628228011082971,-0.7821644542720179,-0.27693726900994675,0.7035431988715386,0.5510982703636222,0.5869620209021233,0.4040841171900138,0.8841284468831949,-0.9870433266460517,0.6988965008685604,-0.611543082642483,0.7570555753635708,-0.07857827833023712,0.46869639723813394,0.3915653222794324,-0.53048570356968,0.9239555457805115,-0.18212665264387473,0.6744610463101739,0.2925131284813669,0.06242916189202696,0.9763064466934548,0.5684346143721719,-0.8453195253591805,-0.9144111164397042,-0.6379772435179645,0.5551829489083739,-0.2914730625744377,-0.6940683477384,-0.3467090686847025,0.6851572865699329,-0.6758954578196001,-0.6895126256376516,0.44538455573967806,0.052385418149929475,0.9978532471774952,-0.22652714475139302,-0.3302917062776365,-0.15311916390543256,0.9888553520070806,-0.8782214684190894,0.814488162154023,-0.6798323497872736,-0.22463990233610698,0.09389889045872435,-0.4958590242931933,-0.19196711713365544,0.3378251509616359,-0.5542315262061672,-0.7674493052721425,-0.6730525800799629,-0.8819053641437962,0.33861944682371536,-0.8248033828392605,0.8692446357033605,0.2541585910044746,-0.5793785195638799,-0.694806498669615,0.5684214457496188,-0.7447440878989007,0.5232009862669125,0.680662672934123,-0.45078817685567807,-0.925443277034673,-0.9621604204042393,-0.9041474741489313,0.25952520872924945,0.23493104830506795,-0.9072456674844611,-0.6341576019271988,-0.4173698054519104,-0.09552161038213547,-0.7302847381519002,-0.6166637555734862,0.4463733452384788,0.225167552412058,0.7697813281293227,0.18357131965545137,0.13206083397905388,0.11532373593053524,-0.47721742719817994,-0.5948986160052163,-0.39867200586067786,-0.022336036801389625,-0.19324744332215138,-0.9125789694071109,0.5150731818784717,0.5739365890789982,-0.306893016527501,-0.353192190024993,-0.09810901938481664,0.1909351531954251,0.14284090852423414,0.9269023817849724,0.205691893817592,0.3722480390423857,0.38357939576824096,0.677916138453786,-0.2536221070201534,0.40108742649214335,-0.24576562709377558,-0.8175436781069918,-0.8490739484332326,0.7505233633538104,0.6841720671447522,0.04844373483898967,0.4956188215232824,0.7091855551969868,-0.9224157831056254,0.523427400846558,0.10398758895713445,-0.3831613388541153,0.09451788129228111,0.12606538377286625,0.0992818102700932,0.8646222949875113,-0.2855437682452522,-0.4514578972617378,-0.7888864410547216,0.39118783173758653,-0.7762387863486107,0.22235584610493575,0.8311063792510316,-0.9790856893039483,-0.502243112351727,-0.03799819357647438,0.9376725695455312,-0.4865501828459138,-0.9611577961225708,-0.6514725646403845,-0.9340311883001124,0.27175951977886004,-0.37679407674708143,0.6295176081695231,-0.9731473505672785,-0.7832745464437147,-0.6675056054588908,-0.7865158678386628,0.7717322721151187,-0.43713737643108663,0.8997760841755,-0.7382746076680411,0.12959016967565717,0.7475897334339989,-0.8702659319307988,0.12733138674917632,0.1570930960219692,-0.03524487350800287,-0.8596016053176716,-0.44475125304462226,-0.7269359787565104,0.9170378565899457,0.41134897082599076,-0.4942756449645431,0.17180700482482592,0.7574375510179463,0.5221703863033371,-0.3833211295504806,0.6053889401420802,-0.5035210945305049,0.6042700368954208,0.44988457294787043,-0.4495036827654333,0.7867656572998549,0.3193871778476838,0.2839561964351667,0.32789772113842663,-0.04815813267277047,0.558369971071186,0.9777923143058622,0.04162683761784258,0.2835862922972556,0.5667094587379262,0.6733885397105408,0.5920600304667372,0.1696606221847483,0.10533013392632573,-0.9748716256770973,-0.2731214415063361,0.47832525663913983,-0.0161442152120419,-0.8496468900930696,0.812690714285746,-0.6250804692212584,-0.06346667264225037,-0.7194552633422202,-0.80631261566943,-0.16750872354653668,-0.3063569452589159,0.24929805053352205,0.06472211106063641,0.3246713617902395,0.6832127510666408,0.856715704777818,0.9337523425142809,0.6831880516242359,-0.7536582637116236,0.2747720479035718,-0.17252471973293604,0.3366225262044784,0.6008518704134418,0.11882582867803726,-0.46640965642186405,0.26693593327430887,0.7759077921201192
52.473959047467254,0.9066636444603449,0.37858547978391877,0.5871253036697108,-0.3995618319084042,0.939844210541271,-0.13678563099001462,0.9114690091916804,0.5013599267812066,0.8403407671592618,-0.7844202983224069,-0.6510627300159295,-0.5666595753736681,-0.9688461048710657,0.0527050403364564,0.4004309711197731,0.43903425194627754,-0.06746542692174651,0.7641971024228602,0.2104655324991087,-0.9415906212709322,-0.991742680745364,-0.8942885888248906,0.9054631946638647,0.20345041130387465,-0.07402994594121237,-0.22934422705930224,-0.18693053874291343,0.9118590779892282,-0.47102954457914614,-0.25241512683248746,0.5893738665249644,0.4938116554976639,-0.6344306487944205,0.6722990066283567,0.10389184557199993,0.6084369733227366,0.0718729082852203,0.10614170349900309,-0.34019883278466745,0.876396224335793,-0.6780596266016512,-0.5121118142113859,0.1561236472829335,-0.9970477696457396,0.5240761519690176,-0.5246959349881806,0.4896151394125816,0.35313092496776743,0.07892681635857923,-0.3124896557386261,-0.447747824804148,-0.1947922622048861,0.18714623898592864,0.9473626345807944,0.842149972831,0.18417125582602112,-0.03457514679097895,0.8054385394639412,0.7911105973319856,-0.6124577156139501,0.7628228011082971,-0.7821644542720179,-0.27693726900994675,0.7035431988715386,0.5510982703636222,0.5869620209021233,0.4040841171900138,0.8841284468831949,-0.9870433266460517,0.6988965008685604,-0.7301645334120201,0.7570555753635708,-0.07857827833023712,0.7501130744000186,-0.7638744193266613,-0.53048570356968,0.9239555457805115,-0.6946290662065193,0.6744610463101739,0.2925131284813669,0.5788981636472987,0.9763064466934548,0.5684346143721719,-0.8453195253591805,-0.9144111164397042,0.7017614137779455,0.5551829489083739,-0.2914730625744377,-0.6940683477384,-0.3467090686847025,0.6851572865699329,0.3230533183141493,-0.6895126256376516,0.4900009814523114,-0.6696961352887421,-0.7955284311426196,0.43657883800446284,-0.3302917062776365,-0.15311916390543256,0.9888553520070806,-0.8782214684190894,0.814488162154023,-0.6798323497872736,-0.22463990233610698,0.09389889045872435,-0.4958590242931933,-0.5412125614892769,0.3378251509616359,-0.5542315262061672,-0.7674493052721425,-0.6730525800799629,-0.8819053641437962,0.33861944682371536,-0.8248033828392605,0.8692446357033605,0.1407613314440086,0.7417866011738243,-0.694806498669615,0.5684214457496188,-0.42370542343719597,0.5232009862669125,-0.7818616463161088,-0.7911032430608915,-0.925443277034673,-0.2369313289083963,-0.9041474741489313,0.25952520872924945,0.23493104830506795,-0.9072456674844611,-0.6341576019271988,0.919285373439992,-0.7339451109459025,-0.838629444649964,0.5914651956319796,0.4463733452384788,-0.6330890350267702,0.7697813281293227,0.9857636184685563,0.25900068819641353,0.11532373593053524,-0.47721742719817994,-0.5948986160052163,-0.39867200586067786,-0.022336036801389625,-0.19324744332215138,-0.9125789694071109,0.5150731818784717,0.5739365890789982,-0.306893016527501,-0.353192190024993,-0.09810901938481664,0.1909351531954251,0.14284090852423414,0.9269023817849724,0.205691893817592,0.5060802198628498,0.47925787290079347,0.677916138453786,-0.2536221070201534,0.40108742649214335,-0.039631013458039765,-0.5067613204217138,-0.8490739484332326,0.7505233633538104,0.7455888729060454,0.04844373483898967,0.4956188215232824,-0.9739062053664251,0.969319898271378,0.3454906236475135,0.10398758895713445,-0.23717326334392808,0.09451788129228111,0.12606538377286625,0.6249548877768776,0.18345637816653504,-0.2855437682452522,-0.4514578972617378,-0.7888864410547216,0.39118783173758653,-0.7762387863486107,0.22235584610493575,0.8311063792510316,-0.9790856893039483,-0.502243112351727,-0.03799819357647438,0.9376725695455312,-0.4865501828459138,-0.9611577961225708,-0.9451580083863862,-0.5804451432073408,0.27175951977886004,-0.37679407674708143,0.6640788625431795,-0.9731473505672785,-0.7832745464437147,-0.6675056054588908,-0.8529255738454278,0.7717322721151187,-0.43713737643108663,0.8997760841755,-0.7382746076680411,0.12959016967565717,0.653059861181301,-0.8702659319307988,0.12733138674917632,0.1570930960219692,-0.03524487350800287,-0.43561996895522226,-0.952184154408267,-0.7269359787565104,0.9170378565899457,0.5283511937429115,-0.4942756449645431,0.17180700482482592,0.7574375510179463,0.5221703863033371,-0.6127641594660149,0.9246396561275381,0.01566107863176569,0.6042700368954208,0.44988457294787043,0.9661287101094524,0.7867656572998549,-0.6456292084026884,0.21246543174618848,0.3082784665501819,-0.04815813267277047,0.558369971071186,0.9777923143058622,0.04162683761784258,0.2835862922972556,0.5667094587379262,-0.44657407464717225,0.5920600304667372,0.1696606221847483,0.10533013392632573,-0.9748716256770973,0.3773192717672671,0.412695783176787,-0.0161442152120419,-0.8496468900930696,0.0046577062970856176,0.2567864359306711,-0.06346667264225037,-0.7194552633422202,-0.80631261566943,-0.16750872354653668,-0.3063569452589159,0.24929805053352205,0.06472211106063641,0.3246713617902395,0.6832127510666408,0.856715704777818,-0.5761301378195594,0.6831880516242359,-0.7536582637116236,0.540207404487465,-0.17252471973293604,0.3366225262044784,0.6008518704134418,0.8647527430663899,-0.46640965642186405,0.17216512054678246,0.7759077921201192
52.473959047467254,0.9066636444603449,0.37858547978391877,0.5871253036697108,-0.3995618319084042,0.939844210541271,-0.13678563099001462,0.9114690091916804,0.5013599267812066,0.8403407671592618,-0.7844202983224069,-0.6510627300159295,-0.5666595753736681,-0.9688461048710657,0.0527050403364564,0.4004309711197731,0.43903425194627754,-0.06746542692174651,0.7641971024228602,0.2104655324991087,-0.9415906212709322,-0.991742680745364,-0.8942885888248906,0.9054631946638647,0.20345041130387465,-0.07402994594121237,-0.22934422705930224,-0.18693053874291343,0.9118590779892282,-0.47102954457914614,-0.25241512683248746,0.5893738665249644,0.4938116554976639,-0.6344306487944205,0.6722990066283567,0.10389184557199993,0.6084369733227366,0.0718729082852203,0.10614170349900309,-0.34019883278466745,0.876396224335793,-0.6780596266016512,-0.5121118142113859,0.1561236472829335,-0.9970477696457396,0.5240761519690176,-0.5246959349881806,0.4896151394125816,0.35313092496776743,0.07892681635857923,-0.3124896557386261,-0.447747824804148,-0.1947922622048861,0.18714623898592864,0.9473626345807944,0.842149972831,0.18417125582602112,-0.03457514679097895,0.8054385394639412,0.7911105973319856,-0.6124577156139501,0.7628228011082971,-0.7821644542720179,-0.27693726900994675,0.7035431988715386,0.5510982703636222,0.5869620209021233,0.4040841171900138,0.8841284468831949,-0.9870433266460517,0.6988965008685604,-0.7301645334120201,0.7570555753635708,-0.07857827833023712,0.7501130744000186,-0.7638744193266613,-0.53048570356968,0.9239555457805115,-0.6946290662065193,0.6744610463101739,0.2925131284813669,0.5788981636472987,0.9763064466934548,0.5684346143721719,-0.8453195253591805,-0.9144111164397042,0.7017614137779455,0.5551829489083739,-0.2914730625744377,-0.6940683477384,-0.3467090686847025,0.6851572865699329,0.3230533183141493,-0.6895126256376516,0.4900009814523114,-0.6696961352887421,-0.7955284311426196,0.43657883800446284,-0.3302917062776365,-0.15311916390543256,0.9888553520070806,-0.8782214684190894,0.814488162154023,-0.6798323497872736,-0.22463990233610698,0.09389889045872435,-0.4958590242931933,-0.5412125614892769,0.3378251509616359,-0.5542315262061672,-0.7674493052721425,-0.6730525800799629,-0.8819053641437962,0.33861944682371536,-0.8248033828392605,0.8692446357033605,0.1407613314440086,0.7417866011738243,-0.694806498669615,0.5684214457496188,-0.42370542343719597,0.5232009862669125,-0.7818616463161088,-0.7911032430608915,-0.925443277034673,-0.2369313289083963,-0.9041474741489313,0.25952520872924945,0.23493104830506795,-0.9072456674844611,-0.6341576019271988,0.919285373439992,-0.7339451109459025,-0.838629444649964,0.5914651956319796,0.4463733452384788,-0.6330890350267702,0.7697813281293227,0.9857636184685563,0.25900068819641353,0.11532373593053524,-0.47721742719817994,-0.5948986160052163,-0.39867200586067786,-0.022336036801389625,-0.19324744332215138,-0.9125789694071109,0.5150731818784717,0.5739365890789982,-0.306893016527501,-0.353192190024993,-0.09810901938481664,0.1909351531954251,0.14284090852423414,0.9269023817849724,0.205691893817592,0.5060802198628498,0.47925787290079347,0.677916138453786,-0.2536221070201534,0.40108742649214335,-0.039631013458039765,-0.5067613204217138,-0.8490739484332326,0.7505233633538104,0.7455888729060454,0.04844373483898967,0.4956188215232824,-0.9739062053664251,0.969319898271378,0.3454906236475135,0.10398758895713445,-0.23717326334392808,0.09451788129228111,0.12606538377286625,0.6249548877768776,0.18345637816653504,-0.2855437682452522,-0.4514578972617378,-0.7888864410547216,0.39118783173758653,-0.7762387863486107,0.22235584610493575,0.8311063792510316,-0.9790856893039483,-0.502243112351727,-0.03799819357647438,0.9376725695455312,-0.4865501828459138,-0.9611577961225708,-0.9451580083863862,-0.5804451432073408,0.27175951977886004,-0.37679407674708143,0.6640788625431795,-0.9731473505672785,-0.7832745464437147,-0.6675056054588908,-0.8529255738454278,0.7717322721151187,-0.43713737643108663,0.8997760841755,-0.7382746076680411,0.12959016967565717,0.653059861181301,-0.8702659319307988,0.12733138674917632,0.1570930960219692,-0.03524487350800287,-0.43561996895522226,-0.952184154408267,-0.7269359787565104,0.9170378565899457,0.5283511937429115,-0.4942756449645431,0.17180700482482592,0.7574375510179463,0.5221703863033371,-0.6127641594660149,0.9246396561275381,0.01566107863176569,0.6042700368954208,0.44988457294787043,0.9661287101094524,0.7867656572998549,-0.6456292084026884,0.21246543174618848,0.3082784665501819,-0.04815813267277047,0.558369971071186,0.9777923143058622,0.04162683761784258,0.2835862922972556,0.5667094587379262,-0.44657407464717225,0.5920600304667372,0.1696606221847483,0.10533013392632573,-0.9748716256770973,0.3773192717672671,0.412695783176787,-0.0161442152120419,-0.8496468900930696,0.0046577062970856176,0.2567864359306711,-0.06346667264225037,-0.7194552633422202,-0.80631261566943,-0.16750872354653668,-0.3063569452589159,0.24929805053352205,0.06472211106063641,0.3246713617902395,0.6832127510666408,0.856715704777818,-0.5761301378195594,0.6831880516242359,-0.7536582637116236,0.540207404487465,-0.17252471973293604,0.3366225262044784,0.6008518704134418,0.8647527430663899,-0.46640965642186405,0.17216512054678246,0.7759077921201192
52.473959047467254,0.9066636444603449,0.37858547978391877,0.5871253036697108,-0.3995618319084042,0.939844210541271,-0.13678563099001462,0.9114690091916804,0.5013599267812066,0.8403407671592618,-0.7844202983224069,-0.6510627300159295,-0.5666595753736681,-0.9688461048710657,0.0527050403364564,0.4004309711197731,0.43903425194627754,-0.06746542692174651,0.7641971024228602,0.2104655324991087,-0.9415906212709322,-0.991742680745364,-0.8942885888248906,0.9054631946638647,0.20345041130387465,-0.07402994594121237,-0.22934422705930224,-0.18693053874291343,0.9118590779892282,-0.47102954457914614,-0.25241512683248746,0.5893738665249644,0.4938116554976639,-0.6344306487944205,0.6722990066283567,0.10389184557199993,0.6084369733227366,0.0718729082852203,0.10614170349900309,-0.34019883278466745,0.876396224335793,-0.6780596266016512,-0.5121118142113859,0.1561236472829335,-0.9970477696457396,0.5240761519690176,-0.5246959349881806,0.4896151394125816,0.35313092496776743,0.07892681635857923,-0.3124896557386261,-0.447747824804148,-0.1947922622048861,0.18714623898592864,0.9473626345807944,0.842149972831,0.18417125582602112,-0.03457514679097895,0.8054385394639412,0.7911105973319856,-0.6124577156139501,0.7628228011082971,-0.7821644542720179,-0.27693726900994675,0.7035431988715386,0.5510982703636222,0.5869620209021233,0.4040841171900138,0.8841284468831949,-0.9870433266460517,0.6988965008685604,-0.7301645334120201,0.7570555753635708,-0.07857827833023712,0.7501130744000186,-0.7638744193266613,-0.53048570356968,0.9239555457805115,-0.6946290662065193,0.6744610463101739,0.2925131284813669,0.5788981636472987,0.9763064466934548,0.5684346143721719,-0.8453195253591805,-0.9144111164397042,0.7017614137779455,0.5551829489083739,-0.2914730625744377,-0.6940683477384,-0.3467090686847025,0.6851572865699329,0.3230533183141493,-0.6895126256376516,0.4900009814523114,-0.6696961352887421,-0.7955284311426196,0.43657883800446284,-0.3302917062776365,-0.15311916390543256,0.9888553520070806,-0.8782214684190894,0.814488162154023,-0.6798323497872736,-0.22463990233610698,0.09389889045872435,-0.4958590242931933,-0.5412125614892769,0.3378251509616359,-0.5542315262061672,-0.7674493052721425,-0.6730525800799629,-0.8819053641437962,0.33861944682371536,-0.8248033828392605,0.8692446357033605,0.1407613314440086,0.7417866011738243,-0.694806498669615,0.5684214457496188,-0.42370542343719597,0.5232009862669125,-0.7818616463161088,-0.7911032430608915,-0.925443277034673,-0.2369313289083963,-0.9041474741489313,0.25952520872924945,0.23493104830506795,-0.9072456674844611,-0.6341576019271988,0.919285373439992,-0.7339451109459025,-0.838629444649964,0.5914651956319796,0.4463733452384788,-0.6330890350267702,0.7697813281293227,0.9857636184685563,0.25900068819641353,0.11532373593053524,-0.47721742719817994,-0.5948986160052163,-0.39867200586067786,-0.022336036801389625,-0.19324744332215138,-0.9125789694071109,0.5150731818784717,0.5739365890789982,-0.306893016527501,-0.353192190024993,-0.09810901938481664,0.1909351531954251,0.14284090852423414,0.9269023817849724,0.205691893817592,0.5060802198628498,0.47925787290079347,0.677916138453786,-0.2536221070201534,0.40108742649214335,-0.039631013458039765,-0.5067613204217138,-0.8490739484332326,0.7505233633538104,0.7455888729060454,0.04844373483898967,0.4956188215232824,-0.9739062053664251,0.969319898271378,0.3454906236475135,0.10398758895713445,-0.23717326334392808,0.09451788129228111,0.12606538377286625,0.6249548877768776,0.18345637816653504,-0.2855437682452522,-0.4514578972617378,-0.7888864410547216,0.39118783173758653,-0.7762387863486107,0.22235584610493575,0.8311063792510316,-0.9790856893039483,-0.502243112351727,-0.03799819357647438,0.9376725695455312,-0.4865501828459138,-0.9611577961225708,-0.9451580083863862,-0.5804451432073408,0.27175951977886004,-0.37679407674708143,0.6640788625431795,-0.9731473505672785,-0.7832745464437147,-0.6675056054588908,-0.8529255738454278,0.7717322721151187,-0.43713737643108663,0.8997760841755,-0.7382746076680411,0.12959016967565717,0.653059861181301,-0.8702659319307988,0.12733138674917632,0.1570930960219692,-0.03524487350800287,-0.43561996895522226,-0.952184154408267,-0.7269359787565104,0.9170378565899457,0.5283511937429115,-0.4942756449645431,0.17180700482482592,0.7574375510179463,0.5221703863033371,-0.6127641594660149,0.9246396561275381,0.01566107863176569,0.6042700368954208,0.44988457294787043,0.9661287101094524,0.7867656572998549,-0.6456292084026884,0.21246543174618848,0.3082784665501819,-0.04815813267277047,0.558369971071186,0.9777923143058622,0.04162683761784258,0.2835862922972556,0.5667094587379262,-0.44657407464717225,0.5920600304667372,0.1696606221847483,0.10533013392632573,-0.9748716256770973,0.3773192717672671,0.412695783176787,-0.0161442152120419,-0.8496468900930696,0.0046577062970856176,0.2567864359306711,-0.06346667264225037,-0.7194552633422202,-0.80631261566943,-0.16750872354653668,-0.3063569452589159,0.24929805053352205,0.06472211106063641,0.3246713617902395,0.6832127510666408,0.856715704777818,-0.5761301378195594,0.6831880516242359,-0.7536582637116236,0.540207404487465,-0.17252471973293604,0.3366225262044784,0.6008518704134418,0.8647527430663899,-0.46640965642186405,0.17216512054678246,0.7759077921201192
52.473959047467254,0.9066636444603449,0.37858547978391877,0.5871253036697108,-0.3995618319084042,0.939844210541271,-0.13678563099001462,0.9114690091916804,0.5013599267812066,0.8403407671592618,-0.7844202983224069,-0.6510627300159295,-0.5666595753736681,-0.9688461048710657,0.0527050403364564,0.4004309711197731,0.43903425194627754,-0.06746542692174651,0.7641971024228602,0.2104655324991087,-0.9415906212709322,-0.991742680745364,-0.8942885888248906,0.9054631946638647,0.20345041130387465,-0.07402994594121237,-0.22934422705930224,-0.18693053874291343,0.9118590779892282,-0.47102954457914614,-0.25241512683248746,0.5893738665249644,0.4938116554976639,-0.6344306487944205,0.6722990066283567,0.10389184557199993,0.6084369733227366,0.0718729082852203,0.10614170349900309,-0.34019883278466745,0.876396224335793,-0.6780596266016512,-0.5121118142113859,0.1561236472829335,-0.9970477696457396,0.5240761519690176,-0.5246959349881806,0.4896151394125816,0.35313092496776743,0.07892681635857923,-0.3124896557386261,-0.447747824804148,-0.1947922622048861,0.18714623898592864,0.9473626345807944,0.842149972831,0.18417125582602112,-0.03457514679097895,0.8054385394639412,0.7911105973319856,-0.6124577156139501,0.7628228011082971,-0.7821644542720179,-0.27693726900994675,0.7035431988715386,0.5510982703636222,0.5869620209021233,0.4040841171900138,0.8841284468831949,-0.9870433266460517,0.6988965008685604,-0.7301645334120201,0.7570555753635708,-0.07857827833023712,0.7501130744000186,-0.7638744193266613,-0.53048570356968,0.9239555457805115,-0.6946290662065193,0.6744610463101739,0.2925131284813669,0.5788981636472987,0.9763064466934548,0.5684346143721719,-0.8453195253591805,-0.9144111164397042,0.7017614137779455,0.5551829489083739,-0.2914730625744377,-0.6940683477384,-0.3467090686847025,0.6851572865699329,0.3230533183141493,-0.6895126256376516,0.4900009814523114,-0.6696961352887421,-0.7955284311426196,0.43657883800446284,-0.3302917062776365,-0.15311916390543256,0.9888553520070806,-0.8782214684190894,0.814488162154023,-0.6798323497872736,-0.22463990233610698,0.09389889045872435,-0.4958590242931933,-0.5412125614892769,0.3378251509616359,-0.5542315262061672,-0.7674493052721425,-0.6730525800799629,-0.8819053641437962,0.33861944682371536,-0.8248033828392605,0.8692446357033605,0.1407613314440086,0.7417866011738243,-0.694806498669615,0.5684214457496188,-0.42370542343719597,0.5232009862669125,-0.7818616463161088,-0.7911032430608915,-0.925443277034673,-0.2369313289083963,-0.9041474741489313,0.25952520872924945,0.23493104830506795,-0.9072456674844611,-0.6341576019271988,0.919285373439992,-0.7339451109459025,-0.838629444649964,0.5914651956319796,0.4463733452384788,-0.6330890350267702,0.7697813281293227,0.9857636184685563,0.25900068819641353,0.11532373593053524,-0.47721742719817994,-0.5948986160052163,-0.39867200586067786,-0.022336036801389625,-0.19324744332215138,-0.9125789694071109,0.5150731818784717,0.5739365890789982,-0.306893016527501,-0.353192190024993,-0.09810901938481664,0.1909351531954251,0.14284090852423414,0.9269023817849724,0.205691893817592,0.5060802198628498,0.47925787290079347,0.677916138453786,-0.2536221070201534,0.40108742649214335,-0.039631013458039765,-0.5067613204217138,-0.8490739484332326,0.7505233633538104,0.7455888729060454,0.04844373483898967,0.4956188215232824,-0.9739062053664251,0.969319898271378,0.3454906236475135,0.10398758895713445,-0.23717326334392808,0.09451788129228111,0.12606538377286625,0.6249548877768776,0.18345637816653504,-0.2855437682452522,-0.4514578972617378,-0.7888864410547216,0.39118783173758653,-0.7762387863486107,0.22235584610493575,0.8311063792510316,-0.9790856893039483,-0.502243112351727,-0.03799819357647438,0.9376725695455312,-0.4865501828459138,-0.9611577961225708,-0.9451580083863862,-0.5804451432073408,0.27175951977886004,-0.37679407674708143,0.6640788625431795,-0.9731473505672785,-0.7832745464437147,-0.6675056054588908,-0.8529255738454278,0.7717322721151187,-0.43713737643108663,0.8997760841755,-0.7382746076680411,0.12959016967565717,0.653059861181301,-0.8702659319307988,0.12733138674917632,0.1570930960219692,-0.03524487350800287,-0.43561996895522226,-0.952184154408267,-0.7269359787565104,0.9170378565899457,0.5283511937429115,-0.4942756449645431,0.17180700482482592,0.7574375510179463,0.5221703863033371,-0.6127641594660149,0.9246396561275381,0.01566107863176569,0.6042700368954208,0.44988457294787043,0.9661287101094524,0.7867656572998549,-0.6456292084026884,0.21246543174618848,0.3082784665501819,-0.04815813267277047,0.558369971071186,0.9777923143058622,0.04162683761784258,0.2835862922972556,0.5667094587379262,-0.44657407464717225,0.5920600304667372,0.1696606221847483,0.10533013392632573,-0.9748716256770973,0.3773192717672671,0.412695783176787,-0.0161442152120419,-0.8496468900930696,0.0046577062970856176,0.2567864359306711,-0.06346667264225037,-0.7194552633422202,-0.80631261566943,-0.16750872354653668,-0.3063569452589159,0.24929805053352205,0.06472211106063641,0.3246713617902395,0.6832127510666408,0.856715704777818,-0.5761301378195594,0.6831880516242359,-0.7536582637116236,0.540207404487465,-0.17252471973293604,0.3366225262044784,0.6008518704134418,0.8647527430663899,-0.46640965642186405,0.17216512054678246,0.7759077921201192
52.473959047467254,0.9066636444603449,0.37858547978391877,0.5871253036697108,-0.3995618319084042,0.939844210541271,-0.13678563099001462,0.9114690091916804,0.5013599267812066,0.8403407671592618,-0.7844202983224069,-0.6510627300159295,-0.5666595753736681,-0.9688461048710657,0.0527050403364564,0.4004309711197731,0.43903425194627754,-0.06746542692174651,0.7641971024228602,0.2104655324991087,-0.9415906212709322,-0.991742680745364,-0.8942885888248906,0.9054631946638647,0.20345041130387465,-0.07402994594121237,-0.22934422705930224,-0.18693053874291343,0.9118590779892282,-0.47102954457914614,-0.25241512683248746,0.5893738665249644,0.4938116554976639,-0.6344306487944205,0.6722990066283567,0.10389184557199993,0.6084369733227366,0.0718729082852203,0.10614170349900309,-0.34019883278466745,0.876396224335793,-0.6780596266016512,-0.5121118142113859,0.1561236472829335,-0.9970477696457396,0.5240761519690176,-0.5246959349881806,0.4896151394125816,0.35313092496776743,0.07892681635857923,-0.3124896557386261,-0.447747824804148,-0.1947922622048861,0.18714623898592864,0.9473626345807944,0.842149972831,0.18417125582602112,-0.03457514679097895,0.8054385394639412,0.7911105973319856,-0.6124577156139501,0.7628228011082971,-0.7821644542720179,-0.27693726900994675,0.7035431988715386,0.5510982703636222,0.5869620209021233,0.4040841171900138,0.8841284468831949,-0.9870433266460517,0.6988965008685604,-0.7301645334120201,0.7570555753635708,-0.07857827833023712,0.7501130744000186,-0.7638744193266613,-0.53048570356968,0.9239555457805115,-0.6946290662065193,0.6744610463101739,0.2925131284813669,0.5788981636472987,0.9763064466934548,0.5684346143721719,-0.8453195253591805,-0.9144111164397042,0.7017614137779455,0.5551829489083739,-0.2914730625744377,-0.6940683477384,-0.3467090686847025,0.6851572865699329,0.3230533183141493,-0.6895126256376516,0.4900009814523114,-0.6696961352887421,-0.7955284311426196,0.43657883800446284,-0.3302917062776365,-0.15311916390543256,0.9888553520070806,-0.8782214684190894,0.814488162154023,-0.6798323497872736,-0.22463990233610698,0.09389889045872435,-0.4958590242931933,-0.5412125614892769,0.3378251509616359,-0.5542315262061672,-0.7674493052721425,-0.6730525800799629,-0.8819053641437962,0.33861944682371536,-0.8248033828392605,0.8692446357033605,0.1407613314440086,0.7417866011738243,-0.694806498669615,0.5684214457496188,-0.42370542343719597,0.5232009862669125,-0.7818616463161088,-0.7911032430608915,-0.925443277034673,-0.2369313289083963,-0.9041474741489313,0.25952520872924945,0.23493104830506795,-0.9072456674844611,-0.6341576019271988,0.919285373439992,-0.7339451109459025,-0.838629444649964,0.5914651956319796,0.4463733452384788,-0.6330890350267702,0.7697813281293227,0.9857636184685563,0.25900068819641353,0.11532373593053524,-0.47721742719817994,-0.5948986160052163,-0.39867200586067786,-0.022336036801389625,-0.19324744332215138,-0.9125789694071109,0.5150731818784717,0.5739365890789982,-0.306893016527501,-0.353192190024993,-0.09810901938481664,0.1909351531954251,0.14284090852423414,0.9269023817849724,0.205691893817592,0.5060802198628498,0.47925787290079347,0.677916138453786,-0.2536221070201534,0.40108742649214335,-0.039631013458039765,-0.5067613204217138,-0.8490739484332326,0.7505233633538104,0.7455888729060454,0.04844373483898967,0.4956188215232824,-0.9739062053664251,0.969319898271378,0.3454906236475135,0.10398758895713445,-0.23717326334392808,0.09451788129228111,0.12606538377286625,0.6249548877768776,0.18345637816653504,-0.2855437682452522,-0.4514578972617378,-0.7888864410547216,0.39118783173758653,-0.7762387863486107,0.22235584610493575,0.8311063792510316,-0.9790856893039483,-0.502243112351727,-0.03799819357647438,0.9376725695455312,-0.4865501828459138,-0.9611577961225708,-0.9451580083863862,-0.5804451432073408,0.27175951977886004,-0.37679407674708143,0.6640788625431795,-0.9731473505672785,-0.7832745464437147,-0.6675056054588908,-0.8529255738454278,0.7717322721151187,-0.43713737643108663,0.8997760841755,-0.7382746076680411,0.12959016967565717,0.653059861181301,-0.8702659319307988,0.12733138674917632,0.1570930960219692,-0.03524487350800287,-0.43561996895522226,-0.952184154408267,-0.7269359787565104,0.9170378565899457,0.5283511937429115,-0.4942756449645431,0.17180700482482592,0.7574375510179463,0.5221703863033371,-0.6127641594660149,0.9246396561275381,0.01566107863176569,0.6042700368954208,0.44988457294787043,0.9661287101094524,0.7867656572998549,-0.6456292084026884,0.21246543174618848,0.3082784665501819,-0.04815813267277047,0.558369971071186,0.9777923143058622,0.04162683761784258,0.2835862922972556,0.5667094587379262,-0.44657407464717225,0.5920600304667372,0.1696606221847483,0.10533013392632573,-0.9748716256770973,0.3773192717672671,0.412695783176787,-0.0161442152120419,-0.8496468900930696,0.0046577062970856176,0.2567864359306711,-0.06346667264225037,-0.7194552633422202,-0.80631261566943,-0.16750872354653668,-0.3063569452589159,0.24929805053352205,0.06472211106063641,0.3246713617902395,0.6832127510666408,0.856715704777818,-0.5761301378195594,0.6831880516242359,-0.7536582637116236,0.540207404487465,-0.17252471973293604,0.3366225262044784,0.6008518704134418,0.8647527430663899,-0.46640965642186405,0.17216512054678246,0.7759077921201192
52.473959047467254,0.9066636444603449,0.37858547978391877,0.5871253036697108,-0.3995618319084042,0.939844210541271,-0.13678563099001462,0.9114690091916804,0.5013599267812066,0.8403407671592618,-0.7844202983224069,-0.6510627300159295,-0.5666595753736681,-0.9688461048710657,0.0527050403364564,0.4004309711197731,0.43903425194627754,-0.06746542692174651,0.7641971024228602,0.2104655324991087,-0.9415906212709322,-0.991742680745364,-0.8942885888248906,0.9054631946638647,0.20345041130387465,-0.07402994594121237,-0.22934422705930224,-0.18693053874291343,0.9118590779892282,-0.47102954457914614,-0.25241512683248746,0.5893738665249644,0.4938116554976639,-0.6344306487944205,0.6722990066283567,0.10389184557199993,0.6084369733227366,0.0718729082852203,0.10614170349900309,-0.34019883278466745,0.876396224335793,-0.6780596266016512,-0.5121118142113859,0.1561236472829335,-0.9970477696457396,0.5240761519690176,-0.5246959349881806,0.4896151394125816,0.35313092496776743,0.07892681635857923,-0.3124896557386261,-0.447747824804148,-0.1947922622048861,0.18714623898592864,0.9473626345807944,0.842149972831,0.18417125582602112,-0.03457514679097895,0.8054385394639412,0.7911105973319856,-0.6124577156139501,0.7628228011082971,-0.7821644542720179,-0.27693726900994675,0.7035431988715386,0.5510982703636222,0.5869620209021233,0.4040841171900138,0.8841284468831949,-0.9870433266460517,0.6988965008685604,-0.7301645334120201,0.7570555753635708,-0.07857827833023712,0.7501130744000186,-0.7638744193266613,-0.53048570356968,0.9239555457805115,-0.6946290662065193,0.6744610463101739,0.2925131284813669,0.5788981636472987,0.9763064466934548,0.5684346143721719,-0.8453195253591805,-0.9144111164397042,0.7017614137779455,0.5551829489083739,-0.2914730625744377,-0.6940683477384,-0.3467090686847025,0.6851572865699329,0.3230533183141493,-0.6895126256376516,0.4900009814523114,-0.6696961352887421,-0.7955284311426196,0.43657883800446284,-0.3302917062776365,-0.15311916390543256,0.9888553520070806,-0.8782214684190894,0.814488162154023,-0.6798323497872736,-0.22463990233610698,0.09389889045872435,-0.4958590242931933,-0.5412125614892769,0.3378251509616359,-0.5542315262061672,-0.7674493052721425,-0.6730525800799629,-0.8819053641437962,0.33861944682371536,-0.8248033828392605,0.8692446357033605,0.1407613314440086,0.7417866011738243,-0.694806498669615,0.5684214457496188,-0.42370542343719597,0.5232009862669125,-0.7818616463161088,-0.7911032430608915,-0.925443277034673,-0.2369313289083963,-0.9041474741489313,0.25952520872924945,0.23493104830506795,-0.9072456674844611,-0.6341576019271988,0.919285373439992,-0.7339451109459025,-0.838629444649964,0.5914651956319796,0.4463733452384788,-0.6330890350267702,0.7697813281293227,0.9857636184685563,0.25900068819641353,0.11532373593053524,-0.47721742719817994,-0.5948986160052163,-0.39867200586067786,-0.022336036801389625,-0.19324744332215138,-0.9125789694071109,0.5150731818784717,0.5739365890789982,-0.306893016527501,-0.353192190024993,-0.09810901938481664,0.1909351531954251,0.14284090852423414,0.9269023817849724,0.205691893817592,0.5060802198628498,0.47925787290079347,0.677916138453786,-0.2536221070201534,0.40108742649214335,-0.039631013458039765,-0.5067613204217138,-0.8490739484332326,0.7505233633538104,0.7455888729060454,0.04844373483898967,0.4956188215232824,-0.9739062053664251,0.969319898271378,0.3454906236475135,0.10398758895713445,-0.23717326334392808,0.09451788129228111,0.12606538377286625,0.6249548877768776,0.18345637816653504,-0.2855437682452522,-0.4514578972617378,-0.7888864410547216,0.39118783173758653,-0.7762387863486107,0.22235584610493575,0.8311063792510316,-0.9790856893039483,-0.502243112351727,-0.03799819357647438,0.9376725695455312,-0.4865501828459138,-0.9611577961225708,-0.9451580083863862,-0.5804451432073408,0.27175951977886004,-0.37679407674708143,0.6640788625431795,-0.9731473505672785,-0.7832745464437147,-0.6675056054588908,-0.8529255738454278,0.7717322721151187,-0.43713737643108663,0.8997760841755,-0.7382746076680411,0.12959016967565717,0.653059861181301,-0.8702659319307988,0.12733138674917632,0.1570930960219692,-0.03524487350800287,-0.43561996895522226,-0.952184154408267,-0.7269359787565104,0.9170378565899457,0.5283511937429115,-0.4942756449645431,0.17180700482482592,0.7574375510179463,0.5221703863033371,-0.6127641594660149,0.9246396561275381,0.01566107863176569,0.6042700368954208,0.44988457294787043,0.9661287101094524,0.7867656572998549,-0.6456292084026884,0.21246543174618848,0.3082784665501819,-0.04815813267277047,0.558369971071186,0.9777923143058622,0.04162683761784258,0.2835862922972556,0.5667094587379262,-0.44657407464717225,0.5920600304667372,0.1696606221847483,0.10533013392632573,-0.9748716256770973,0.3773192717672671,0.412695783176787,-0.0161442152120419,-0.8496468900930696,0.0046577062970856176,0.2567864359306711,-0.06346667264225037,-0.7194552633422202,-0.80631261566943,-0.16750872354653668,-0.3063569452589159,0.24929805053352205,0.06472211106063641,0.3246713617902395,0.6832127510666408,0.856715704777818,-0.5761301378195594,0.6831880516242359,-0.7536582637116236,0.540207404487465,-0.17252471973293604,0.3366225262044784,0.6008518704134418,0.8647527430663899,-0.46640965642186405,0.17216512054678246,0.7759077921201192
52.473959047467254,0.9066636444603449,0.37858547978391877,0.5871253036697108,-0.3995618319084042,0.939844210541271,-0.13678563099001462,0.9114690091916804,0.5013599267812066,0.8403407671592618,-0.7844202983224069,-0.6510627300159295,-0.5666595753736681,-0.9688461048710657,0.0527050403364564,0.4004309711197731,0.43903425194627754,-0.06746542692174651,0.7641971024228602,0.2104655324991087,-0.9415906212709322,-0.991742680745364,-0.8942885888248906,0.9054631946638647,0.20345041130387465,-0.07402994594121237,-0.22934422705930224,-0.18693053874291343,0.9118590779892282,-0.47102954457914614,-0.25241512683248746,0.5893738665249644,0.4938116554976639,-0.6344306487944205,0.6722990066283567,0.10389184557199993,0.6084369733227366,0.0718729082852203,0.10614170349900309,-0.34019883278466745,0.876396224335793,-0.6780596266016512,-0.5121118142113859,0.1561236472829335,-0.9970477696457396,0.5240761519690176,-0.5246959349881806,0.4896151394125816,0.35313092496776743,0.07892681635857923,-0.3124896557386261,-0.447747824804148,-0.1947922622048861,0.18714623898592864,0.9473626345807944,0.842149972831,0.18417125582602112,-0.03457514679097895,0.8054385394639412,0.7911105973319856,-0.6124577156139501,0.7628228011082971,-0.7821644542720179,-0.27693726900994675,0.7035431988715386,0.5510982703636222,0.5869620209021233,0.4040841171900138,0.8841284468831949,-0.9870433266460517,0.6988965008685604,-0.7301645334120201,0.7570555753635708,-0.07857827833023712,0.7501130744000186,-0.7638744193266613,-0.53048570356968,0.9239555457805115,-0.6946290662065193,0.6744610463101739,0.2925131284813669,0.5788981636472987,0.9763064466934548,0.5684346143721719,-0.8453195253591805,-0.9144111164397042,0.7017614137779455,0.5551829489083739,-0.2914730625744377,-0.6940683477384,-0.3467090686847025,0.6851572865699329,0.3230533183141493,-0.6895126256376516,0.4900009814523114,-0.6696961352887421,-0.7955284311426196,0.43657883800446284,-0.3302917062776365,-0.15311916390543256,0.9888553520070806,-0.8782214684190894,0.814488162154023,-0.6798323497872736,-0.22463990233610698,0.09389889045872435,-0.4958590242931933,-0.5412125614892769,0.3378251509616359,-0.5542315262061672,-0.7674493052721425,-0.6730525800799629,-0.8819053641437962,0.33861944682371536,-0.8248033828392605,0.8692446357033605,0.1407613314440086,0.7417866011738243,-0.694806498669615,0.5684214457496188,-0.42370542343719597,0.5232009862669125,-0.7818616463161088,-0.7911032430608915,-0.925443277034673,-0.2369313289083963,-0.9041474741489313,0.25952520872924945,0.23493104830506795,-0.9072456674844611,-0.6341576019271988,0.919285373439992,-0.7339451109459025,-0.838629444649964,0.5914651956319796,0.4463733452384788,-0.6330890350267702,0.7697813281293227,0.9857636184685563,0.25900068819641353,0.11532373593053524,-0.47721742719817994,-0.5948986160052163,-0.39867200586067786,-0.022336036801389625,-0.19324744332215138,-0.9125789694071109,0.5150731818784717,0.5739365890789982,-0.306893016527501,-0.353192190024993,-0.09810901938481664,0.1909351531954251,0.14284090852423414,0.9269023817849724,0.205691893817592,0.5060802198628498,0.47925787290079347,0.677916138453786,-0.2536221070201534,0.40108742649214335,-0.039631013458039765,-0.5067613204217138,-0.8490739484332326,0.7505233633538104,0.7455888729060454,0.04844373483898967,0.4956188215232824,-0.9739062053664251,0.969319898271378,0.3454906236475135,0.10398758895713445,-0.23717326334392808,0.09451788129228111,0.12606538377286625,0.6249548877768776,0.18345637816653504,-0.2855437682452522,-0.4514578972617378,-0.7888864410547216,0.39118783173758653,-0.7762387863486107,0.22235584610493575,0.8311063792510316,-0.9790856893039483,-0.502243112351727,-0.03799819357647438,0.9376725695455312,-0.4865501828459138,-0.9611577961225708,-0.9451580083863862,-0.5804451432073408,0.27175951977886004,-0.37679407674708143,0.6640788625431795,-0.9731473505672785,-0.7832745464437147,-0.6675056054588908,-0.8529255738454278,0.7717322721151187,-0.43713737643108663,0.8997760841755,-0.7382746076680411,0.12959016967565717,0.653059861181301,-0.8702659319307988,0.12733138674917632,0.1570930960219692,-0.03524487350800287,-0.43561996895522226,-0.952184154408267,-0.7269359787565104,0.9170378565899457,0.5283511937429115,-0.4942756449645431,0.17180700482482592,0.7574375510179463,0.5221703863033371,-0.6127641594660149,0.9246396561275381,0.01566107863176569,0.6042700368954208,0.44988457294787043,0.9661287101094524,0.7867656572998549,-0.6456292084026884,0.21246543174618848,0.3082784665501819,-0.04815813267277047,0.558369971071186,0.9777923143058622,0.04162683761784258,0.2835862922972556,0.5667094587379262,-0.44657407464717225,0.5920600304667372,0.1696606221847483,0.10533013392632573,-0.9748716256770973,0.3773192717672671,0.412695783176787,-0.0161442152120419,-0.8496468900930696,0.0046577062970856176,0.2567864359306711,-0.06346667264225037,-0.7194552633422202,-0.80631261566943,-0.16750872354653668,-0.3063569452589159,0.24929805053352205,0.06472211106063641,0.3246713617902395,0.6832127510666408,0.856715704777818,-0.5761301378195594,0.6831880516242359,-0.7536582637116236,0.540207404487465,-0.17252471973293604,0.3366225262044784,0.6008518704134418,0.8647527430663899,-0.46640965642186405,0.17216512054678246,0.7759077921201192
52.473959047467254,0.9066636444603449,0.37858547978391877,0.5871253036697108,-0.3995618319084042,0.939844210541271,-0.13678563099001462,0.9114690091916804,0.5013599267812066,0.8403407671592618,-0.7844202983224069,-0.6510627300159295,-0.5666595753736681,-0.9688461048710657,0.0527050403364564,0.4004309711197731,0.43903425194627754,-0.06746542692174651,0.7641971024228602,0.2104655324991087,-0.9415906212709322,-0.991742680745364,-0.8942885888248906,0.9054631946638647,0.20345041130387465,-0.07402994594121237,-0.22934422705930224,-0.18693053874291343,0.9118590779892282,-0.47102954457914614,-0.25241512683248746,0.5893738665249644,0.4938116554976639,-0.6344306487944205,0.6722990066283567,0.10389184557199993,0.6084369733227366,0.0718729082852203,0.10614170349900309,-0.34019883278466745,0.876396224335793,-0.6780596266016512,-0.5121118142113859,0.1561236472829335,-0.9970477696457396,0.5240761519690176,-0.5246959349881806,0.4896151394125816,0.35313092496776743,0.07892681635857923,-0.3124896557386261,-0.447747824804148,-0.1947922622048861,0.18714623898592864,0.9473626345807944,0.842149972831,0.18417125582602112,-0.03457514679097895,0.8054385394639412,0.7911105973319856,-0.6124577156139501,0.7628228011082971,-0.7821644542720179,-0.27693726900994675,0.7035431988715386,0.5510982703636222,0.5869620209021233,0.4040841171900138,0.8841284468831949,-0.9870433266460517,0.6988965008685604,-0.7301645334120201,0.7570555753635708,-0.07857827833023712,0.7501130744000186,-0.7638744193266613,-0.53048570356968,0.9239555457805115,-0.6946290662065193,0.6744610463101739,0.2925131284813669,0.5788981636472987,0.9763064466934548,0.5684346143721719,-0.8453195253591805,-0.9144111164397042,0.7017614137779455,0.5551829489083739,-0.2914730625744377,-0.6940683477384,-0.3467090686847025,0.6851572865699329,0.3230533183141493,-0.6895126256376516,0.4900009814523114,-0.6696961352887421,-0.7955284311426196,0.43657883800446284,-0.3302917062776365,-0.15311916390543256,0.9888553520070806,-0.8782214684190894,0.814488162154023,-0.6798323497872736,-0.22463990233610698,0.09389889045872435,-0.4958590242931933,-0.5412125614892769,0.3378251509616359,-0.5542315262061672,-0.7674493052721425,-0.6730525800799629,-0.8819053641437962,0.33861944682371536,-0.8248033828392605,0.8692446357033605,0.1407613314440086,0.7417866011738243,-0.694806498669615,0.5684214457496188,-0.42370542343719597,0.5232009862669125,-0.7818616463161088,-0.7911032430608915,-0.925443277034673,-0.2369313289083963,-0.9041474741489313,0.25952520872924945,0.23493104830506795,-0.9072456674844611,-0.6341576019271988,0.919285373439992,-0.7339451109459025,-0.838629444649964,0.5914651956319796,0.4463733452384788,-0.6330890350267702,0.7697813281293227,0.9857636184685563,0.25900068819641353,0.11532373593053524,-0.47721742719817994,-0.5948986160052163,-0.39867200586067786,-0.022336036801389625,-0.19324744332215138,-0.9125789694071109,0.5150731818784717,0.5739365890789982,-0.306893016527501,-0.353192190024993,-0.09810901938481664,0.1909351531954251,0.14284090852423414,0.9269023817849724,0.205691893817592,0.5060802198628498,0.47925787290079347,0.677916138453786,-0.2536221070201534,0.40108742649214335,-0.039631013458039765,-0.5067613204217138,-0.8490739484332326,0.7505233633538104,0.7455888729060454,0.04844373483898967,0.4956188215232824,-0.9739062053664251,0.969319898271378,0.3454906236475135,0.10398758895713445,-0.23717326334392808,0.09451788129228111,0.12606538377286625,0.6249548877768776,0.18345637816653504,-0.2855437682452522,-0.4514578972617378,-0.7888864410547216,0.39118783173758653,-0.7762387863486107,0.22235584610493575,0.8311063792510316,-0.9790856893039483,-0.502243112351727,-0.03799819357647438,0.9376725695455312,-0.4865501828459138,-0.9611577961225708,-0.9451580083863862,-0.5804451432073408,0.27175951977886004,-0.37679407674708143,0.6640788625431795,-0.9731473505672785,-0.7832745464437147,-0.6675056054588908,-0.8529255738454278,0.7717322721151187,-0.43713737643108663,0.8997760841755,-0.7382746076680411,0.12959016967565717,0.653059861181301,-0.8702659319307988,0.12733138674917632,0.1570930960219692,-0.03524487350800287,-0.43561996895522226,-0.952184154408267,-0.7269359787565104,0.9170378565899457,0.5283511937429115,-0.4942756449645431,0.17180700482482592,0.7574375510179463,0.5221703863033371,-0.6127641594660149,0.9246396561275381,0.01566107863176569,0.6042700368954208,0.44988457294787043,0.9661287101094524,0.7867656572998549,-0.6456292084026884,0.21246543174618848,0.3082784665501819,-0.04815813267277047,0.558369971071186,0.9777923143058622,0.04162683761784258,0.2835862922972556,0.5667094587379262,-0.44657407464717225,0.5920600304667372,0.1696606221847483,0.10533013392632573,-0.9748716256770973,0.3773192717672671,0.412695783176787,-0.0161442152120419,-0.8496468900930696,0.0046577062970856176,0.2567864359306711,-0.06346667264225037,-0.7194552633422202,-0.80631261566943,-0.16750872354653668,-0.3063569452589159,0.24929805053352205,0.06472211106063641,0.3246713617902395,0.6832127510666408,0.856715704777818,-0.5761301378195594,0.6831880516242359,-0.7536582637116236,0.540207404487465,-0.17252471973293604,0.3366225262044784,0.6008518704134418,0.8647527430663899,-0.46640965642186405,0.17216512054678246,0.7759077921201192
52.473959047467254,0.9066636444603449,0.37858547978391877,0.5871253036697108,-0.3995618319084042,0.939844210541271,-0.13678563099001462,0.9114690091916804,0.5013599267812066,0.8403407671592618,-0.7844202983224069,-0.6510627300159295,-0.5666595753736681,-0.9688461048710657,0.0527050403364564,0.4004309711197731,0.43903425194627754,-0.06746542692174651,0.7641971024228602,0.2104655324991087,-0.9415906212709322,-0.991742680745364,-0.8942885888248906,0.9054631946638647,0.20345041130387465,-0.07402994594121237,-0.22934422705930224,-0.18693053874291343,0.9118590779892282,-0.47102954457914614,-0.25241512683248746,0.5893738665249644,0.4938116554976639,-0.6344306487944205,0.6722990066283567,0.10389184557199993,0.6084369733227366,0.0718729082852203,0.10614170349900309,-0.34019883278466745,0.876396224335793,-0.6780596266016512,-0.5121118142113859,0.1561236472829335,-0.9970477696457396,0.5240761519690176,-0.5246959349881806,0.4896151394125816,0.35313092496776743,0.07892681635857923,-0.3124896557386261,-0.447747824804148,-0.1947922622048861,0.18714623898592864,0.9473626345807944,0.842149972831,0.18417125582602112,-0.03457514679097895,0.8054385394639412,0.7911105973319856,-0.6124577156139501,0.7628228011082971,-0.7821644542720179,-0.27693726900994675,0.7035431988715386,0.5510982703636222,0.5869620209021233,0.4040841171900138,0.8841284468831949,-0.9870433266460517,0.6988965008685604,-0.7301645334120201,0.7570555753635708,-0.07857827833023712,0.7501130744000186,-0.7638744193266613,-0.53048570356968,0.9239555457805115,-0.6946290662065193,0.6744610463101739,0.2925131284813669,0.5788981636472987,0.9763064466934548,0.5684346143721719,-0.8453195253591805,-0.9144111164397042,0.7017614137779455,0.5551829489083739,-0.2914730625744377,-0.6940683477384,-0.3467090686847025,0.6851572865699329,0.3230533183141493,-0.6895126256376516,0.4900009814523114,-0.6696961352887421,-0.7955284311426196,0.43657883800446284,-0.3302917062776365,-0.15311916390543256,0.9888553520070806,-0.8782214684190894,0.814488162154023,-0.6798323497872736,-0.22463990233610698,0.09389889045872435,-0.4958590242931933,-0.5412125614892769,0.3378251509616359,-0.5542315262061672,-0.7674493052721425,-0.6730525800799629,-0.8819053641437962,0.33861944682371536,-0.8248033828392605,0.8692446357033605,0.1407613314440086,0.7417866011738243,-0.694806498669615,0.5684214457496188,-0.42370542343719597,0.5232009862669125,-0.7818616463161088,-0.7911032430608915,-0.925443277034673,-0.2369313289083963,-0.9041474741489313,0.25952520872924945,0.23493104830506795,-0.9072456674844611,-0.6341576019271988,0.919285373439992,-0.7339451109459025,-0.838629444649964,0.5914651956319796,0.4463733452384788,-0.6330890350267702,0.7697813281293227,0.9857636184685563,0.25900068819641353,0.11532373593053524,-0.47721742719817994,-0.5948986160052163,-0.39867200586067786,-0.022336036801389625,-0.19324744332215138,-0.9125789694071109,0.5150731818784717,0.5739365890789982,-0.306893016527501,-0.353192190024993,-0.09810901938481664,0.1909351531954251,0.14284090852423414,0.9269023817849724,0.205691893817592,0.5060802198628498,0.47925787290079347,0.677916138453786,-0.2536221070201534,0.40108742649214335,-0.039631013458039765,-0.5067613204217138,-0.8490739484332326,0.7505233633538104,0.7455888729060454,0.04844373483898967,0.4956188215232824,-0.9739062053664251,0.969319898271378,0.3454906236475135,0.10398758895713445,-0.23717326334392808,0.09451788129228111,0.12606538377286625,0.6249548877768776,0.18345637816653504,-0.2855437682452522,-0.4514578972617378,-0.7888864410547216,0.39118783173758653,-0.7762387863486107,0.22235584610493575,0.8311063792510316,-0.9790856893039483,-0.502243112351727,-0.03799819357647438,0.9376725695455312,-0.4865501828459138,-0.9611577961225708,-0.9451580083863862,-0.5804451432073408,0.27175951977886004,-0.37679407674708143,0.6640788625431795,-0.9731473505672785,-0.7832745464437147,-0.6675056054588908,-0.8529255738454278,0.7717322721151187,-0.43713737643108663,0.8997760841755,-0.7382746076680411,0.12959016967565717,0.653059861181301,-0.8702659319307988,0.12733138674917632,0.1570930960219692,-0.03524487350800287,-0.43561996895522226,-0.952184154408267,-0.7269359787565104,0.9170378565899457,0.5283511937429115,-0.4942756449645431,0.17180700482482592,0.7574375510179463,0.5221703863033371,-0.6127641594660149,0.9246396561275381,0.01566107863176569,0.6042700368954208,0.44988457294787043,0.9661287101094524,0.7867656572998549,-0.6456292084026884,0.21246543174618848,0.3082784665501819,-0.04815813267277047,0.558369971071186,0.9777923143058622,0.04162683761784258,0.2835862922972556,0.5667094587379262,-0.44657407464717225,0.5920600304667372,0.1696606221847483,0.10533013392632573,-0.9748716256770973,0.3773192717672671,0.412695783176787,-0.0161442152120419,-0.8496468900930696,0.0046577062970856176,0.2567864359306711,-0.06346667264225037,-0.7194552633422202,-0.80631261566943,-0.16750872354653668,-0.3063569452589159,0.24929805053352205,0.06472211106063641,0.3246713617902395,0.6832127510666408,0.856715704777818,-0.5761301378195594,0.6831880516242359,-0.7536582637116236,0.540207404487465,-0.17252471973293604,0.3366225262044784,0.6008518704134418,0.8647527430663899,-0.46640965642186405,0.17216512054678246,0.7759077921201192
52.473959047467254,0.9066636444603449,0.37858547978391877,0.5871253036697108,-0.3995618319084042,0.939844210541271,-0.13678563099001462,0.9114690091916804,0.5013599267812066,0.8403407671592618,-0.7844202983224069,-0.6510627300159295,-0.5666595753736681,-0.9688461048710657,0.0527050403364564,0.4004309711197731,0.43903425194627754,-0.06746542692174651,0.7641971024228602,0.2104655324991087,-0.9415906212709322,-0.991742680745364,-0.8942885888248906,0.9054631946638647,0.20345041130387465,-0.07402994594121237,-0.22934422705930224,-0.18693053874291343,0.9118590779892282,-0.47102954457914614,-0.25241512683248746,0.5893738665249644,0.4938116554976639,-0.6344306487944205,0.6722990066283567,0.10389184557199993,0.6084369733227366,0.0718729082852203,0.10614170349900309,-0.34019883278466745,0.876396224335793,-0.6780596266016512,-0.5121118142113859,0.1561236472829335,-0.9970477696457396,0.5240761519690176,-0.5246959349881806,0.4896151394125816,0.35313092496776743,0.07892681635857923,-0.3124896557386261,-0.447747824804148,-0.1947922622048861,0.18714623898592864,0.9473626345807944,0.842149972831,0.18417125582602112,-0.03457514679097895,0.8054385394639412,0.7911105973319856,-0.6124577156139501,0.7628228011082971,-0.7821644542720179,-0.27693726900994675,0.7035431988715386,0.5510982703636222,0.5869620209021233,0.4040841171900138,0.8841284468831949,-0.9870433266460517,0.6988965008685604,-0.7301645334120201,0.7570555753635708,-0.07857827833023712,0.7501130744000186,-0.7638744193266613,-0.53048570356968,0.9239555457805115,-0.6946290662065193,0.6744610463101739,0.2925131284813669,0.5788981636472987,0.9763064466934548,0.5684346143721719,-0.8453195253591805,-0.9144111164397042,0.7017614137779455,0.5551829489083739,-0.2914730625744377,-0.6940683477384,-0.3467090686847025,0.6851572865699329,0.3230533183141493,-0.6895126256376516,0.4900009814523114,-0.6696961352887421,-0.7955284311426196,0.43657883800446284,-0.3302917062776365,-0.15311916390543256,0.9888553520070806,-0.8782214684190894,0.814488162154023,-0.6798323497872736,-0.22463990233610698,0.09389889045872435,-0.4958590242931933,-0.5412125614892769,0.3378251509616359,-0.5542315262061672,-0.7674493052721425,-0.6730525800799629,-0.8819053641437962,0.33861944682371536,-0.8248033828392605,0.8692446357033605,0.1407613314440086,0.7417866011738243,-0.694806498669615,0.5684214457496188,-0.42370542343719597,0.5232009862669125,-0.7818616463161088,-0.7911032430608915,-0.925443277034673,-0.2369313289083963,-0.9041474741489313,0.25952520872924945,0.23493104830506795,-0.9072456674844611,-0.6341576019271988,0.919285373439992,-0.7339451109459025,-0.838629444649964,0.5914651956319796,0.4463733452384788,-0.6330890350267702,0.7697813281293227,0.9857636184685563,0.25900068819641353,0.11532373593053524,-0.47721742719817994,-0.5948986160052163,-0.39867200586067786,-0.022336036801389625,-0.19324744332215138,-0.9125789694071109,0.5150731818784717,0.5739365890789982,-0.306893016527501,-0.353192190024993,-0.09810901938481664,0.1909351531954251,0.14284090852423414,0.9269023817849724,0.205691893817592,0.5060802198628498,0.47925787290079347,0.677916138453786,-0.2536221070201534,0.40108742649214335,-0.039631013458039765,-0.5067613204217138,-0.8490739484332326,0.7505233633538104,0.7455888729060454,0.04844373483898967,0.4956188215232824,-0.9739062053664251,0.969319898271378,0.3454906236475135,0.10398758895713445,-0.23717326334392808,0.09451788129228111,0.12606538377286625,0.6249548877768776,0.18345637816653504,-0.2855437682452522,-0.4514578972617378,-0.7888864410547216,0.39118783173758653,-0.7762387863486107,0.22235584610493575,0.8311063792510316,-0.9790856893039483,-0.502243112351727,-0.03799819357647438,0.9376725695455312,-0.4865501828459138,-0.9611577961225708,-0.9451580083863862,-0.5804451432073408,0.27175951977886004,-0.37679407674708143,0.6640788625431795,-0.9731473505672785,-0.7832745464437147,-0.6675056054588908,-0.8529255738454278,0.7717322721151187,-0.43713737643108663,0.8997760841755,-0.7382746076680411,0.12959016967565717,0.653059861181301,-0.8702659319307988,0.12733138674917632,0.1570930960219692,-0.03524487350800287,-0.43561996895522226,-0.952184154408267,-0.7269359787565104,0.9170378565899457,0.5283511937429115,-0.4942756449645431,0.17180700482482592,0.7574375510179463,0.5221703863033371,-0.6127641594660149,0.9246396561275381,0.01566107863176569,0.6042700368954208,0.44988457294787043,0.9661287101094524,0.7867656572998549,-0.6456292084026884,0.21246543174618848,0.3082784665501819,-0.04815813267277047,0.558369971071186,0.9777923143058622,0.04162683761784258,0.2835862922972556,0.5667094587379262,-0.44657407464717225,0.5920600304667372,0.1696606221847483,0.10533013392632573,-0.9748716256770973,0.3773192717672671,0.412695783176787,-0.0161442152120419,-0.8496468900930696,0.0046577062970856176,0.2567864359306711,-0.06346667264225037,-0.7194552633422202,-0.80631261566943,-0.16750872354653668,-0.3063569452589159,0.24929805053352205,0.06472211106063641,0.3246713617902395,0.6832127510666408,0.856715704777818,-0.5761301378195594,0.6831880516242359,-0.7536582637116236,0.540207404487465,-0.17252471973293604,0.3366225262044784,0.6008518704134418,0.8647527430663899,-0.46640965642186405,0.17216512054678246,0.7759077921201192
52.473959047467254,0.9066636444603449,0.37858547978391877,0.5871253036697108,-0.3995618319084042,0.939844210541271,-0.13678563099001462,0.9114690091916804,0.5013599267812066,0.8403407671592618,-0.7844202983224069,-0.6510627300159295,-0.5666595753736681,-0.9688461048710657,0.0527050403364564,0.4004309711197731,0.43903425194627754,-0.06746542692174651,0.7641971024228602,0.2104655324991087,-0.9415906212709322,-0.991742680745364,-0.8942885888248906,0.9054631946638647,0.20345041130387465,-0.07402994594121237,-0.22934422705930224,-0.18693053874291343,0.9118590779892282,-0.47102954457914614,-0.25241512683248746,0.5893738665249644,0.4938116554976639,-0.6344306487944205,0.6722990066283567,0.10389184557199993,0.6084369733227366,0.0718729082852203,0.10614170349900309,-0.34019883278466745,0.876396224335793,-0.6780596266016512,-0.5121118142113859,0.1561236472829335,-0.9970477696457396,0.5240761519690176,-0.5246959349881806,0.4896151394125816,0.35313092496776743,0.07892681635857923,-0.3124896557386261,-0.447747824804148,-0.1947922622048861,0.18714623898592864,0.9473626345807944,0.842149972831,0.18417125582602112,-0.03457514679097895,0.8054385394639412,0.7911105973319856,-0.6124577156139501,0.7628228011082971,-0.7821644542720179,-0.27693726900994675,0.7035431988715386,0.5510982703636222,0.5869620209021233,0.4040841171900138,0.8841284468831949,-0.9870433266460517,0.6988965008685604,-0.7301645334120201,0.7570555753635708,-0.07857827833023712,0.7501130744000186,-0.7638744193266613,-0.53048570356968,0.9239555457805115,-0.6946290662065193,0.6744610463101739,0.2925131284813669,0.5788981636472987,0.9763064466934548,0.5684346143721719,-0.8453195253591805,-0.9144111164397042,0.7017614137779455,0.5551829489083739,-0.2914730625744377,-0.6940683477384,-0.3467090686847025,0.6851572865699329,0.3230533183141493,-0.6895126256376516,0.4900009814523114,-0.6696961352887421,-0.7955284311426196,0.43657883800446284,-0.3302917062776365,-0.15311916390543256,0.9888553520070806,-0.8782214684190894,0.814488162154023,-0.6798323497872736,-0.22463990233610698,0.09389889045872435,-0.4958590242931933,-0.5412125614892769,0.3378251509616359,-0.5542315262061672,-0.7674493052721425,-0.6730525800799629,-0.8819053641437962,0.33861944682371536,-0.8248033828392605,0.8692446357033605,0.1407613314440086,0.7417866011738243,-0.694806498669615,0.5684214457496188,-0.42370542343719597,0.5232009862669125,-0.7818616463161088,-0.7911032430608915,-0.925443277034673,-0.2369313289083963,-0.9041474741489313,0.25952520872924945,0.23493104830506795,-0.9072456674844611,-0.6341576019271988,0.919285373439992,-0.7339451109459025,-0.838629444649964,0.5914651956319796,0.4463733452384788,-0.6330890350267702,0.7697813281293227,0.9857636184685563,0.25900068819641353,0.11532373593053524,-0.47721742719817994,-0.5948986160052163,-0.39867200586067786,-0.022336036801389625,-0.19324744332215138,-0.9125789694071109,0.5150731818784717,0.5739365890789982,-0.306893016527501,-0.353192190024993,-0.09810901938481664,0.1909351531954251,0.14284090852423414,0.9269023817849724,0.205691893817592,0.5060802198628498,0.47925787290079347,0.677916138453786,-0.2536221070201534,0.40108742649214335,-0.039631013458039765,-0.5067613204217138,-0.8490739484332326,0.7505233633538104,0.7455888729060454,0.04844373483898967,0.4956188215232824,-0.9739062053664251,0.969319898271378,0.3454906236475135,0.10398758895713445,-0.23717326334392808,0.09451788129228111,0.12606538377286625,0.6249548877768776,0.18345637816653504,-0.2855437682452522,-0.4514578972617378,-0.7888864410547216,0.39118783173758653,-0.7762387863486107,0.22235584610493575,0.8311063792510316,-0.9790856893039483,-0.502243112351727,-0.03799819357647438,0.9376725695455312,-0.4865501828459138,-0.9611577961225708,-0.9451580083863862,-0.5804451432073408,0.27175951977886004,-0.37679407674708143,0.6640788625431795,-0.9731473505672785,-0.7832745464437147,-0.6675056054588908,-0.8529255738454278,0.7717322721151187,-0.43713737643108663,0.8997760841755,-0.7382746076680411,0.12959016967565717,0.653059861181301,-0.8702659319307988,0.12733138674917632,0.1570930960219692,-0.03524487350800287,-0.43561996895522226,-0.952184154408267,-0.7269359787565104,0.9170378565899457,0.5283511937429115,-0.4942756449645431,0.17180700482482592,0.7574375510179463,0.5221703863033371,-0.6127641594660149,0.9246396561275381,0.01566107863176569,0.6042700368954208,0.44988457294787043,0.9661287101094524,0.7867656572998549,-0.6456292084026884,0.21246543174618848,0.3082784665501819,-0.04815813267277047,0.558369971071186,0.9777923143058622,0.04162683761784258,0.2835862922972556,0.5667094587379262,-0.44657407464717225,0.5920600304667372,0.1696606221847483,0.10533013392632573,-0.9748716256770973,0.3773192717672671,0.412695783176787,-0.0161442152120419,-0.8496468900930696,0.0046577062970856176,0.2567864359306711,-0.06346667264225037,-0.7194552633422202,-0.80631261566943,-0.16750872354653668,-0.3063569452589159,0.24929805053352205,0.06472211106063641,0.3246713617902395,0.6832127510666408,0.856715704777818,-0.5761301378195594,0.6831880516242359,-0.7536582637116236,0.540207404487465,-0.17252471973293604,0.3366225262044784,0.6008518704134418,0.8647527430663899,-0.46640965642186405,0.17216512054678246,0.7759077921201192
52.473959047467254,0.9066636444603449,0.37858547978391877,0.5871253036697108,-0.3995618319084042,0.939844210541271,-0.13678563099001462,0.9114690091916804,0.5013599267812066,0.8403407671592618,-0.7844202983224069,-0.6510627300159295,-0.5666595753736681,-0.9688461048710657,0.0527050403364564,0.4004309711197731,0.43903425194627754,-0.06746542692174651,0.7641971024228602,0.2104655324991087,-0.9415906212709322,-0.991742680745364,-0.8942885888248906,0.9054631946638647,0.20345041130387465,-0.07402994594121237,-0.22934422705930224,-0.18693053874291343,0.9118590779892282,-0.47102954457914614,-0.25241512683248746,0.5893738665249644,0.4938116554976639,-0.6344306487944205,0.6722990066283567,0.10389184557199993,0.6084369733227366,0.0718729082852203,0.10614170349900309,-0.34019883278466745,0.876396224335793,-0.6780596266016512,-0.5121118142113859,0.1561236472829335,-0.9970477696457396,0.5240761519690176,-0.5246959349881806,0.4896151394125816,0.35313092496776743,0.07892681635857923,-0.3124896557386261,-0.447747824804148,-0.1947922622048861,0.18714623898592864,0.9473626345807944,0.842149972831,0.18417125582602112,-0.03457514679097895,0.8054385394639412,0.7911105973319856,-0.6124577156139501,0.7628228011082971,-0.7821644542720179,-0.27693726900994675,0.7035431988715386,0.5510982703636222,0.5869620209021233,0.4040841171900138,0.8841284468831949,-0.9870433266460517,0.6988965008685604,-0.7301645334120201,0.7570555753635708,-0.07857827833023712,0.7501130744000186,-0.7638744193266613,-0.53048570356968,0.9239555457805115,-0.6946290662065193,0.6744610463101739,0.2925131284813669,0.5788981636472987,0.9763064466934548,0.5684346143721719,-0.8453195253591805,-0.9144111164397042,0.7017614137779455,0.5551829489083739,-0.2914730625744377,-0.6940683477384,-0.3467090686847025,0.6851572865699329,0.3230533183141493,-0.6895126256376516,0.4900009814523114,-0.6696961352887421,-0.7955284311426196,0.43657883800446284,-0.3302917062776365,-0.15311916390543256,0.9888553520070806,-0.8782214684190894,0.814488162154023,-0.6798323497872736,-0.22463990233610698,0.09389889045872435,-0.4958590242931933,-0.5412125614892769,0.3378251509616359,-0.5542315262061672,-0.7674493052721425,-0.6730525800799629,-0.8819053641437962,0.33861944682371536,-0.8248033828392605,0.8692446357033605,0.1407613314440086,0.7417866011738243,-0.694806498669615,0.5684214457496188,-0.42370542343719597,0.5232009862669125,-0.7818616463161088,-0.7911032430608915,-0.925443277034673,-0.2369313289083963,-0.9041474741489313,0.25952520872924945,0.23493104830506795,-0.9072456674844611,-0.6341576019271988,0.919285373439992,-0.7339451109459025,-0.838629444649964,0.5914651956319796,0.4463733452384788,-0.6330890350267702,0.7697813281293227,0.9857636184685563,0.25900068819641353,0.11532373593053524,-0.47721742719817994,-0.5948986160052163,-0.39867200586067786,-0.022336036801389625,-0.19324744332215138,-0.9125789694071109,0.5150731818784717,0.5739365890789982,-0.306893016527501,-0.353192190024993,-0.09810901938481664,0.1909351531954251,0.14284090852423414,0.9269023817849724,0.205691893817592,0.5060802198628498,0.47925787290079347,0.677916138453786,-0.2536221070201534,0.40108742649214335,-0.039631013458039765,-0.5067613204217138,-0.8490739484332326,0.7505233633538104,0.7455888729060454,0.04844373483898967,0.4956188215232824,-0.9739062053664251,0.969319898271378,0.3454906236475135,0.10398758895713445,-0.23717326334392808,0.09451788129228111,0.12606538377286625,0.6249548877768776,0.18345637816653504,-0.2855437682452522,-0.4514578972617378,-0.7888864410547216,0.39118783173758653,-0.7762387863486107,0.22235584610493575,0.8311063792510316,-0.9790856893039483,-0.502243112351727,-0.03799819357647438,0.9376725695455312,-0.4865501828459138,-0.9611577961225708,-0.9451580083863862,-0.5804451432073408,0.27175951977886004,-0.37679407674708143,0.6640788625431795,-0.9731473505672785,-0.7832745464437147,-0.6675056054588908,-0.8529255738454278,0.7717322721151187,-0.43713737643108663,0.8997760841755,-0.7382746076680411,0.12959016967565717,0.653059861181301,-0.8702659319307988,0.12733138674917632,0.1570930960219692,-0.03524487350800287,-0.43561996895522226,-0.952184154408267,-0.7269359787565104,0.9170378565899457,0.5283511937429115,-0.4942756449645431,0.17180700482482592,0.7574375510179463,0.5221703863033371,-0.6127641594660149,0.9246396561275381,0.01566107863176569,0.6042700368954208,0.44988457294787043,0.9661287101094524,0.7867656572998549,-0.6456292084026884,0.21246543174618848,0.3082784665501819,-0.04815813267277047,0.558369971071186,0.9777923143058622,0.04162683761784258,0.2835862922972556,0.5667094587379262,-0.44657407464717225,0.5920600304667372,0.1696606221847483,0.10533013392632573,-0.9748716256770973,0.3773192717672671,0.412695783176787,-0.0161442152120419,-0.8496468900930696,0.0046577062970856176,0.2567864359306711,-0.06346667264225037,-0.7194552633422202,-0.80631261566943,-0.16750872354653668,-0.3063569452589159,0.24929805053352205,0.06472211106063641,0.3246713617902395,0.6832127510666408,0.856715704777818,-0.5761301378195594,0.6831880516242359,-0.7536582637116236,0.540207404487465,-0.17252471973293604,0.3366225262044784,0.6008518704134418,0.8647527430663899,-0.46640965642186405,0.17216512054678246,0.7759077921201192
52.473959047467254,0.9066636444603449,0.37858547978391877,0.5871253036697108,-0.3995618319084042,0.939844210541271,-0.13678563099001462,0.9114690091916804,0.5013599267812066,0.8403407671592618,-0.7844202983224069,-0.6510627300159295,-0.5666595753736681,-0.9688461048710657,0.0527050403364564,0.4004309711197731,0.43903425194627754,-0.06746542692174651,0.7641971024228602,0.2104655324991087,-0.9415906212709322,-0.991742680745364,-0.8942885888248906,0.9054631946638647,0.20345041130387465,-0.07402994594121237,-0.22934422705930224,-0.18693053874291343,0.9118590779892282,-0.47102954457914614,-0.25241512683248746,0.5893738665249644,0.4938116554976639,-0.6344306487944205,0.6722990066283567,0.10389184557199993,0.6084369733227366,0.0718729082852203,0.10614170349900309,-0.34019883278466745,0.876396224335793,-0.6780596266016512,-0.5121118142113859,0.1561236472829335,-0.9970477696457396,0.5240761519690176,-0.5246959349881806,0.4896151394125816,0.35313092496776743,0.07892681635857923,-0.3124896557386261,-0.447747824804148,-0.1947922622048861,0.18714623898592864,0.9473626345807944,0.842149972831,0.18417125582602112,-0.03457514679097895,0.8054385394639412,0.7911105973319856,-0.6124577156139501,0.7628228011082971,-0.7821644542720179,-0.27693726900994675,0.7035431988715386,0.5510982703636222,0.5869620209021233,0.4040841171900138,0.8841284468831949,-0.9870433266460517,0.6988965008685604,-0.7301645334120201,0.7570555753635708,-0.07857827833023712,0.7501130744000186,-0.7638744193266613,-0.53048570356968,0.9239555457805115,-0.6946290662065193,0.6744610463101739,0.2925131284813669,0.5788981636472987,0.9763064466934548,0.5684346143721719,-0.8453195253591805,-0.9144111164397042,0.7017614137779455,0.5551829489083739,-0.2914730625744377,-0.6940683477384,-0.3467090686847025,0.6851572865699329,0.3230533183141493,-0.6895126256376516,0.4900009814523114,-0.6696961352887421,-0.7955284311426196,0.43657883800446284,-0.3302917062776365,-0.15311916390543256,0.9888553520070806,-0.8782214684190894,0.814488162154023,-0.6798323497872736,-0.22463990233610698,0.09389889045872435,-0.4958590242931933,-0.5412125614892769,0.3378251509616359,-0.5542315262061672,-0.7674493052721425,-0.6730525800799629,-0.8819053641437962,0.33861944682371536,-0.8248033828392605,0.8692446357033605,0.1407613314440086,0.7417866011738243,-0.694806498669615,0.5684214457496188,-0.42370542343719597,0.5232009862669125,-0.7818616463161088,-0.7911032430608915,-0.925443277034673,-0.2369313289083963,-0.9041474741489313,0.25952520872924945,0.23493104830506795,-0.9072456674844611,-0.6341576019271988,0.919285373439992,-0.7339451109459025,-0.838629444649964,0.5914651956319796,0.4463733452384788,-0.6330890350267702,0.7697813281293227,0.9857636184685563,0.25900068819641353,0.11532373593053524,-0.47721742719817994,-0.5948986160052163,-0.39867200586067786,-0.022336036801389625,-0.19324744332215138,-0.9125789694071109,0.5150731818784717,0.5739365890789982,-0.306893016527501,-0.353192190024993,-0.09810901938481664,0.1909351531954251,0.14284090852423414,0.9269023817849724,0.205691893817592,0.5060802198628498,0.47925787290079347,0.677916138453786,-0.2536221070201534,0.40108742649214335,-0.039631013458039765,-0.5067613204217138,-0.8490739484332326,0.7505233633538104,0.7455888729060454,0.04844373483898967,0.4956188215232824,-0.9739062053664251,0.969319898271378,0.3454906236475135,0.10398758895713445,-0.23717326334392808,0.09451788129228111,0.12606538377286625,0.6249548877768776,0.18345637816653504,-0.2855437682452522,-0.4514578972617378,-0.7888864410547216,0.39118783173758653,-0.7762387863486107,0.22235584610493575,0.8311063792510316,-0.9790856893039483,-0.502243112351727,-0.03799819357647438,0.9376725695455312,-0.4865501828459138,-0.9611577961225708,-0.9451580083863862,-0.5804451432073408,0.27175951977886004,-0.37679407674708143,0.6640788625431795,-0.9731473505672785,-0.7832745464437147,-0.6675056054588908,-0.8529255738454278,0.7717322721151187,-0.43713737643108663,0.8997760841755,-0.7382746076680411,0.12959016967565717,0.653059861181301,-0.8702659319307988,0.12733138674917632,0.1570930960219692,-0.03524487350800287,-0.43561996895522226,-0.952184154408267,-0.7269359787565104,0.9170378565899457,0.5283511937429115,-0.4942756449645431,0.17180700482482592,0.7574375510179463,0.5221703863033371,-0.6127641594660149,0.9246396561275381,0.01566107863176569,0.6042700368954208,0.44988457294787043,0.9661287101094524,0.7867656572998549,-0.6456292084026884,0.21246543174618848,0.3082784665501819,-0.04815813267277047,0.558369971071186,0.9777923143058622,0.04162683761784258,0.2835862922972556,0.5667094587379262,-0.44657407464717225,0.5920600304667372,0.1696606221847483,0.10533013392632573,-0.9748716256770973,0.3773192717672671,0.412695783176787,-0.0161442152120419,-0.8496468900930696,0.0046577062970856176,0.2567864359306711,-0.06346667264225037,-0.7194552633422202,-0.80631261566943,-0.16750872354653668,-0.3063569452589159,0.24929805053352205,0.06472211106063641,0.3246713617902395,0.6832127510666408,0.856715704777818,-0.5761301378195594,0.6831880516242359,-0.7536582637116236,0.540207404487465,-0.17252471973293604,0.3366225262044784,0.6008518704134418,0.8647527430663899,-0.46640965642186405,0.17216512054678246,0.7759077921201192
52.473959047467254,0.9066636444603449,0.37858547978391877,0.5871253036697108,-0.3995618319084042,0.939844210541271,-0.13678563099001462,0.9114690091916804,0.5013599267812066,0.8403407671592618,-0.7844202983224069,-0.6510627300159295,-0.5666595753736681,-0.9688461048710657,0.0527050403364564,0.4004309711197731,0.43903425194627754,-0.06746542692174651,0.7641971024228602,0.2104655324991087,-0.9415906212709322,-0.991742680745364,-0.8942885888248906,0.9054631946638647,0.20345041130387465,-0.07402994594121237,-0.22934422705930224,-0.18693053874291343,0.9118590779892282,-0.47102954457914614,-0.25241512683248746,0.5893738665249644,0.4938116554976639,-0.6344306487944205,0.6722990066283567,0.10389184557199993,0.6084369733227366,0.0718729082852203,0.10614170349900309,-0.34019883278466745,0.876396224335793,-0.6780596266016512,-0.5121118142113859,0.1561236472829335,-0.9970477696457396,0.5240761519690176,-0.5246959349881806,0.4896151394125816,0.35313092496776743,0.07892681635857923,-0.3124896557386261,-0.447747824804148,-0.1947922622048861,0.18714623898592864,0.9473626345807944,0.842149972831,0.18417125582602112,-0.03457514679097895,0.8054385394639412,0.7911105973319856,-0.6124577156139501,0.7628228011082971,-0.7821644542720179,-0.27693726900994675,0.7035431988715386,0.5510982703636222,0.5869620209021233,0.4040841171900138,0.8841284468831949,-0.9870433266460517,0.6988965008685604,-0.7301645334120201,0.7570555753635708,-0.07857827833023712,0.7501130744000186,-0.7638744193266613,-0.53048570356968,0.9239555457805115,-0.6946290662065193,0.6744610463101739,0.2925131284813669,0.5788981636472987,0.9763064466934548,0.5684346143721719,-0.8453195253591805,-0.9144111164397042,0.7017614137779455,0.5551829489083739,-0.2914730625744377,-0.6940683477384,-0.3467090686847025,0.6851572865699329,0.3230533183141493,-0.6895126256376516,0.4900009814523114,-0.6696961352887421,-0.7955284311426196,0.43657883800446284,-0.3302917062776365,-0.15311916390543256,0.9888553520070806,-0.8782214684190894,0.814488162154023,-0.6798323497872736,-0.22463990233610698,0.09389889045872435,-0.4958590242931933,-0.5412125614892769,0.3378251509616359,-0.5542315262061672,-0.7674493052721425,-0.6730525800799629,-0.8819053641437962,0.33861944682371536,-0.8248033828392605,0.8692446357033605,0.1407613314440086,0.7417866011738243,-0.694806498669615,0.5684214457496188,-0.42370542343719597,0.5232009862669125,-0.7818616463161088,-0.7911032430608915,-0.925443277034673,-0.2369313289083963,-0.9041474741489313,0.25952520872924945,0.23493104830506795,-0.9072456674844611,-0.6341576019271988,0.919285373439992,-0.7339451109459025,-0.838629444649964,0.5914651956319796,0.4463733452384788,-0.6330890350267702,0.7697813281293227,0.9857636184685563,0.25900068819641353,0.11532373593053524,-0.47721742719817994,-0.5948986160052163,-0.39867200586067786,-0.022336036801389625,-0.19324744332215138,-0.9125789694071109,0.5150731818784717,0.5739365890789982,-0.306893016527501,-0.353192190024993,-0.09810901938481664,0.1909351531954251,0.14284090852423414,0.9269023817849724,0.205691893817592,0.5060802198628498,0.47925787290079347,0.677916138453786,-0.2536221070201534,0.40108742649214335,-0.039631013458039765,-0.5067613204217138,-0.8490739484332326,0.7505233633538104,0.7455888729060454,0.04844373483898967,0.4956188215232824,-0.9739062053664251,0.969319898271378,0.3454906236475135,0.10398758895713445,-0.23717326334392808,0.09451788129228111,0.12606538377286625,0.6249548877768776,0.18345637816653504,-0.2855437682452522,-0.4514578972617378,-0.7888864410547216,0.39118783173758653,-0.7762387863486107,0.22235584610493575,0.8311063792510316,-0.9790856893039483,-0.502243112351727,-0.03799819357647438,0.9376725695455312,-0.4865501828459138,-0.9611577961225708,-0.9451580083863862,-0.5804451432073408,0.27175951977886004,-0.37679407674708143,0.6640788625431795,-0.9731473505672785,-0.7832745464437147,-0.6675056054588908,-0.8529255738454278,0.7717322721151187,-0.43713737643108663,0.8997760841755,-0.7382746076680411,0.12959016967565717,0.653059861181301,-0.8702659319307988,0.12733138674917632,0.1570930960219692,-0.03524487350800287,-0.43561996895522226,-0.952184154408267,-0.7269359787565104,0.9170378565899457,0.5283511937429115,-0.4942756449645431,0.17180700482482592,0.7574375510179463,0.5221703863033371,-0.6127641594660149,0.9246396561275381,0.01566107863176569,0.6042700368954208,0.44988457294787043,0.9661287101094524,0.7867656572998549,-0.6456292084026884,0.21246543174618848,0.3082784665501819,-0.04815813267277047,0.558369971071186,0.9777923143058622,0.04162683761784258,0.2835862922972556,0.5667094587379262,-0.44657407464717225,0.5920600304667372,0.1696606221847483,0.10533013392632573,-0.9748716256770973,0.3773192717672671,0.412695783176787,-0.0161442152120419,-0.8496468900930696,0.0046577062970856176,0.2567864359306711,-0.06346667264225037,-0.7194552633422202,-0.80631261566943,-0.16750872354653668,-0.3063569452589159,0.24929805053352205,0.06472211106063641,0.3246713617902395,0.6832127510666408,0.856715704777818,-0.5761301378195594,0.6831880516242359,-0.7536582637116236,0.540207404487465,-0.17252471973293604,0.3366225262044784,0.6008518704134418,0.8647527430663899,-0.46640965642186405,0.17216512054678246,0.7759077921201192
52.473959047467254,0.9066636444603449,0.37858547978391877,0.5871253036697108,-0.3995618319084042,0.939844210541271,-0.13678563099001462,0.9114690091916804,0.5013599267812066,0.8403407671592618,-0.7844202983224069,-0.6510627300159295,-0.5666595753736681,-0.9688461048710657,0.0527050403364564,0.4004309711197731,0.43903425194627754,-0.06746542692174651,0.7641971024228602,0.2104655324991087,-0.9415906212709322,-0.991742680745364,-0.8942885888248906,0.9054631946638647,0.20345041130387465,-0.07402994594121237,-0.22934422705930224,-0.18693053874291343,0.9118590779892282,-0.47102954457914614,-0.25241512683248746,0.5893738665249644,0.4938116554976639,-0.6344306487944205,0.6722990066283567,0.10389184557199993,0.6084369733227366,0.0718729082852203,0.10614170349900309,-0.34019883278466745,0.876396224335793,-0.6780596266016512,-0.5121118142113859,0.1561236472829335,-0.9970477696457396,0.5240761519690176,-0.5246959349881806,0.4896151394125816,0.35313092496776743,0.07892681635857923,-0.3124896557386261,-0.447747824804148,-0.1947922622048861,0.18714623898592864,0.9473626345807944,0.842149972831,0.18417125582602112,-0.03457514679097895,0.8054385394639412,0.7911105973319856,-0.6124577156139501,0.7628228011082971,-0.7821644542720179,-0.27693726900994675,0.7035431988715386,0.5510982703636222,0.5869620209021233,0.4040841171900138,0.8841284468831949,-0.9870433266460517,0.6988965008685604,-0.7301645334120201,0.7570555753635708,-0.07857827833023712,0.7501130744000186,-0.7638744193266613,-0.53048570356968,0.9239555457805115,-0.6946290662065193,0.6744610463101739,0.2925131284813669,0.5788981636472987,0.9763064466934548,0.5684346143721719,-0.8453195253591805,-0.9144111164397042,0.7017614137779455,0.5551829489083739,-0.2914730625744377,-0.6940683477384,-0.3467090686847025,0.6851572865699329,0.3230533183141493,-0.6895126256376516,0.4900009814523114,-0.6696961352887421,-0.7955284311426196,0.43657883800446284,-0.3302917062776365,-0.15311916390543256,0.9888553520070806,-0.8782214684190894,0.814488162154023,-0.6798323497872736,-0.22463990233610698,0.09389889045872435,-0.4958590242931933,-0.5412125614892769,0.3378251509616359,-0.5542315262061672,-0.7674493052721425,-0.6730525800799629,-0.8819053641437962,0.33861944682371536,-0.8248033828392605,0.8692446357033605,0.1407613314440086,0.7417866011738243,-0.694806498669615,0.5684214457496188,-0.42370542343719597,0.5232009862669125,-0.7818616463161088,-0.7911032430608915,-0.925443277034673,-0.2369313289083963,-0.9041474741489313,0.25952520872924945,0.23493104830506795,-0.9072456674844611,-0.6341576019271988,0.919285373439992,-0.7339451109459025,-0.838629444649964,0.5914651956319796,0.4463733452384788,-0.6330890350267702,0.7697813281293227,0.9857636184685563,0.25900068819641353,0.11532373593053524,-0.47721742719817994,-0.5948986160052163,-0.39867200586067786,-0.022336036801389625,-0.19324744332215138,-0.9125789694071109,0.5150731818784717,0.5739365890789982,-0.306893016527501,-0.353192190024993,-0.09810901938481664,0.1909351531954251,0.14284090852423414,0.9269023817849724,0.205691893817592,0.5060802198628498,0.47925787290079347,0.677916138453786,-0.2536221070201534,0.40108742649214335,-0.039631013458039765,-0.5067613204217138,-0.8490739484332326,0.7505233633538104,0.7455888729060454,0.04844373483898967,0.4956188215232824,-0.9739062053664251,0.969319898271378,0.3454906236475135,0.10398758895713445,-0.23717326334392808,0.09451788129228111,0.12606538377286625,0.6249548877768776,0.18345637816653504,-0.2855437682452522,-0.4514578972617378,-0.7888864410547216,0.39118783173758653,-0.7762387863486107,0.22235584610493575,0.8311063792510316,-0.9790856893039483,-0.502243112351727,-0.03799819357647438,0.9376725695455312,-0.4865501828459138,-0.9611577961225708,-0.9451580083863862,-0.5804451432073408,0.27175951977886004,-0.37679407674708143,0.6640788625431795,-0.9731473505672785,-0.7832745464437147,-0.6675056054588908,-0.8529255738454278,0.7717322721151187,-0.43713737643108663,0.8997760841755,-0.7382746076680411,0.12959016967565717,0.653059861181301,-0.8702659319307988,0.12733138674917632,0.1570930960219692,-0.03524487350800287,-0.43561996895522226,-0.952184154408267,-0.7269359787565104,0.9170378565899457,0.5283511937429115,-0.4942756449645431,0.17180700482482592,0.7574375510179463,0.5221703863033371,-0.6127641594660149,0.9246396561275381,0.01566107863176569,0.6042700368954208,0.44988457294787043,0.9661287101094524,0.7867656572998549,-0.6456292084026884,0.21246543174618848,0.3082784665501819,-0.04815813267277047,0.558369971071186,0.9777923143058622,0.04162683761784258,0.2835862922972556,0.5667094587379262,-0.44657407464717225,0.5920600304667372,0.1696606221847483,0.10533013392632573,-0.9748716256770973,0.3773192717672671,0.412695783176787,-0.0161442152120419,-0.8496468900930696,0.0046577062970856176,0.2567864359306711,-0.06346667264225037,-0.7194552633422202,-0.80631261566943,-0.16750872354653668,-0.3063569452589159,0.24929805053352205,0.06472211106063641,0.3246713617902395,0.6832127510666408,0.856715704777818,-0.5761301378195594,0.6831880516242359,-0.7536582637116236,0.540207404487465,-0.17252471973293604,0.3366225262044784,0.6008518704134418,0.8647527430663899,-0.46640965642186405,0.17216512054678246,0.7759077921201192
52.473959047467254,0.9066636444603449,0.37858547978391877,0.5871253036697108,-0.3995618319084042,0.939844210541271,-0.13678563099001462,0.9114690091916804,0.5013599267812066,0.8403407671592618,-0.7844202983224069,-0.6510627300159295,-0.5666595753736681,-0.9688461048710657,0.0527050403364564,0.4004309711197731,0.43903425194627754,-0.06746542692174651,0.7641971024228602,0.2104655324991087,-0.9415906212709322,-0.991742680745364,-0.8942885888248906,0.9054631946638647,0.20345041130387465,-0.07402994594121237,-0.22934422705930224,-0.18693053874291343,0.9118590779892282,-0.47102954457914614,-0.25241512683248746,0.5893738665249644,0.4938116554976639,-0.6344306487944205,0.6722990066283567,0.10389184557199993,0.6084369733227366,0.0718729082852203,0.10614170349900309,-0.34019883278466745,0.876396224335793,-0.6780596266016512,-0.5121118142113859,0.1561236472829335,-0.9970477696457396,0.5240761519690176,-0.5246959349881806,0.4896151394125816,0.35313092496776743,0.07892681635857923,-0.3124896557386261,-0.447747824804148,-0.1947922622048861,0.18714623898592864,0.9473626345807944,0.842149972831,0.18417125582602112,-0.03457514679097895,0.8054385394639412,0.7911105973319856,-0.6124577156139501,0.7628228011082971,-0.7821644542720179,-0.27693726900994675,0.7035431988715386,0.5510982703636222,0.5869620209021233,0.4040841171900138,0.8841284468831949,-0.9870433266460517,0.6988965008685604,-0.7301645334120201,0.7570555753635708,-0.07857827833023712,0.7501130744000186,-0.7638744193266613,-0.53048570356968,0.9239555457805115,-0.6946290662065193,0.6744610463101739,0.2925131284813669,0.5788981636472987,0.9763064466934548,0.5684346143721719,-0.8453195253591805,-0.9144111164397042,0.7017614137779455,0.5551829489083739,-0.2914730625744377,-0.6940683477384,-0.3467090686847025,0.6851572865699329,0.3230533183141493,-0.6895126256376516,0.4900009814523114,-0.6696961352887421,-0.7955284311426196,0.43657883800446284,-0.3302917062776365,-0.15311916390543256,0.9888553520070806,-0.8782214684190894,0.814488162154023,-0.6798323497872736,-0.22463990233610698,0.09389889045872435,-0.4958590242931933,-0.5412125614892769,0.3378251509616359,-0.5542315262061672,-0.7674493052721425,-0.6730525800799629,-0.8819053641437962,0.33861944682371536,-0.8248033828392605,0.8692446357033605,0.1407613314440086,0.7417866011738243,-0.694806498669615,0.5684214457496188,-0.42370542343719597,0.5232009862669125,-0.7818616463161088,-0.7911032430608915,-0.925443277034673,-0.2369313289083963,-0.9041474741489313,0.25952520872924945,0.23493104830506795,-0.9072456674844611,-0.6341576019271988,0.919285373439992,-0.7339451109459025,-0.838629444649964,0.5914651956319796,0.4463733452384788,-0.6330890350267702,0.7697813281293227,0.9857636184685563,0.25900068819641353,0.11532373593053524,-0.47721742719817994,-0.5948986160052163,-0.39867200586067786,-0.022336036801389625,-0.19324744332215138,-0.9125789694071109,0.5150731818784717,0.5739365890789982,-0.306893016527501,-0.353192190024993,-0.09810901938481664,0.1909351531954251,0.14284090852423414,0.9269023817849724,0.205691893817592,0.5060802198628498,0.47925787290079347,0.677916138453786,-0.2536221070201534,0.40108742649214335,-0.039631013458039765,-0.5067613204217138,-0.8490739484332326,0.7505233633538104,0.7455888729060454,0.04844373483898967,0.4956188215232824,-0.9739062053664251,0.969319898271378,0.3454906236475135,0.10398758895713445,-0.23717326334392808,0.09451788129228111,0.12606538377286625,0.6249548877768776,0.18345637816653504,-0.2855437682452522,-0.4514578972617378,-0.7888864410547216,0.39118783173758653,-0.7762387863486107,0.22235584610493575,0.8311063792510316,-0.9790856893039483,-0.502243112351727,-0.03799819357647438,0.9376725695455312,-0.4865501828459138,-0.9611577961225708,-0.9451580083863862,-0.5804451432073408,0.27175951977886004,-0.37679407674708143,0.6640788625431795,-0.9731473505672785,-0.7832745464437147,-0.6675056054588908,-0.8529255738454278,0.7717322721151187,-0.43713737643108663,0.8997760841755,-0.7382746076680411,0.12959016967565717,0.653059861181301,-0.8702659319307988,0.12733138674917632,0.1570930960219692,-0.03524487350800287,-0.43561996895522226,-0.952184154408267,-0.7269359787565104,0.9170378565899457,0.5283511937429115,-0.4942756449645431,0.17180700482482592,0.7574375510179463,0.5221703863033371,-0.6127641594660149,0.9246396561275381,0.01566107863176569,0.6042700368954208,0.44988457294787043,0.9661287101094524,0.7867656572998549,-0.6456292084026884,0.21246543174618848,0.3082784665501819,-0.04815813267277047,0.558369971071186,0.9777923143058622,0.04162683761784258,0.2835862922972556,0.5667094587379262,-0.44657407464717225,0.5920600304667372,0.1696606221847483,0.10533013392632573,-0.9748716256770973,0.3773192717672671,0.412695783176787,-0.0161442152120419,-0.8496468900930696,0.0046577062970856176,0.2567864359306711,-0.06346667264225037,-0.7194552633422202,-0.80631261566943,-0.16750872354653668,-0.3063569452589159,0.24929805053352205,0.06472211106063641,0.3246713617902395,0.6832127510666408,0.856715704777818,-0.5761301378195594,0.6831880516242359,-0.7536582637116236,0.540207404487465,-0.17252471973293604,0.3366225262044784,0.6008518704134418,0.8647527430663899,-0.46640965642186405,0.17216512054678246,0.7759077921201192
52.473959047467254,0.9066636444603449,0.37858547978391877,0.5871253036697108,-0.3995618319084042,0.939844210541271,-0.13678563099001462,0.9114690091916804,0.5013599267812066,0.8403407671592618,-0.7844202983224069,-0.6510627300159295,-0.5666595753736681,-0.9688461048710657,0.0527050403364564,0.4004309711197731,0.43903425194627754,-0.06746542692174651,0.7641971024228602,0.2104655324991087,-0.9415906212709322,-0.991742680745364,-0.8942885888248906,0.9054631946638647,0.20345041130387465,-0.07402994594121237,-0.22934422705930224,-0.18693053874291343,0.9118590779892282,-0.47102954457914614,-0.25241512683248746,0.5893738665249644,0.4938116554976639,-0.6344306487944205,0.6722990066283567,0.10389184557199993,0.6084369733227366,0.0718729082852203,0.10614170349900309,-0.34019883278466745,0.876396224335793,-0.6780596266016512,-0.5121118142113859,0.1561236472829335,-0.9970477696457396,0.5240761519690176,-0.5246959349881806,0.4896151394125816,0.35313092496776743,0.07892681635857923,-0.3124896557386261,-0.447747824804148,-0.1947922622048861,0.18714623898592864,0.9473626345807944,0.842149972831,0.18417125582602112,-0.03457514679097895,0.8054385394639412,0.7911105973319856,-0.6124577156139501,0.7628228011082971,-0.7821644542720179,-0.27693726900994675,0.7035431988715386,0.5510982703636222,0.5869620209021233,0.4040841171900138,0.8841284468831949,-0.9870433266460517,0.6988965008685604,-0.7301645334120201,0.7570555753635708,-0.07857827833023712,0.7501130744000186,-0.7638744193266613,-0.53048570356968,0.9239555457805115,-0.6946290662065193,0.6744610463101739,0.2925131284813669,0.5788981636472987,0.9763064466934548,0.5684346143721719,-0.8453195253591805,-0.9144111164397042,0.7017614137779455,0.5551829489083739,-0.2914730625744377,-0.6940683477384,-0.3467090686847025,0.6851572865699329,0.3230533183141493,-0.6895126256376516,0.4900009814523114,-0.6696961352887421,-0.7955284311426196,0.43657883800446284,-0.3302917062776365,-0.15311916390543256,0.9888553520070806,-0.8782214684190894,0.814488162154023,-0.6798323497872736,-0.22463990233610698,0.09389889045872435,-0.4958590242931933,-0.5412125614892769,0.3378251509616359,-0.5542315262061672,-0.7674493052721425,-0.6730525800799629,-0.8819053641437962,0.33861944682371536,-0.8248033828392605,0.8692446357033605,0.1407613314440086,0.7417866011738243,-0.694806498669615,0.5684214457496188,-0.42370542343719597,0.5232009862669125,-0.7818616463161088,-0.7911032430608915,-0.925443277034673,-0.2369313289083963,-0.9041474741489313,0.25952520872924945,0.23493104830506795,-0.9072456674844611,-0.6341576019271988,0.919285373439992,-0.7339451109459025,-0.838629444649964,0.5914651956319796,0.4463733452384788,-0.6330890350267702,0.7697813281293227,0.9857636184685563,0.25900068819641353,0.11532373593053524,-0.47721742719817994,-0.5948986160052163,-0.39867200586067786,-0.022336036801389625,-0.19324744332215138,-0.9125789694071109,0.5150731818784717,0.5739365890789982,-0.306893016527501,-0.353192190024993,-0.09810901938481664,0.1909351531954251,0.14284090852423414,0.9269023817849724,0.205691893817592,0.5060802198628498,0.47925787290079347,0.677916138453786,-0.2536221070201534,0.40108742649214335,-0.039631013458039765,-0.5067613204217138,-0.8490739484332326,0.7505233633538104,0.7455888729060454,0.04844373483898967,0.4956188215232824,-0.9739062053664251,0.969319898271378,0.3454906236475135,0.10398758895713445,-0.23717326334392808,0.09451788129228111,0.12606538377286625,0.6249548877768776,0.18345637816653504,-0.2855437682452522,-0.4514578972617378,-0.7888864410547216,0.39118783173758653,-0.7762387863486107,0.22235584610493575,0.8311063792510316,-0.9790856893039483,-0.502243112351727,-0.03799819357647438,0.9376725695455312,-0.4865501828459138,-0.9611577961225708,-0.9451580083863862,-0.5804451432073408,0.27175951977886004,-0.37679407674708143,0.6640788625431795,-0.9731473505672785,-0.7832745464437147,-0.6675056054588908,-0.8529255738454278,0.7717322721151187,-0.43713737643108663,0.8997760841755,-0.7382746076680411,0.12959016967565717,0.653059861181301,-0.8702659319307988,0.12733138674917632,0.1570930960219692,-0.03524487350800287,-0.43561996895522226,-0.952184154408267,-0.7269359787565104,0.9170378565899457,0.5283511937429115,-0.4942756449645431,0.17180700482482592,0.7574375510179463,0.5221703863033371,-0.6127641594660149,0.9246396561275381,0.01566107863176569,0.6042700368954208,0.44988457294787043,0.9661287101094524,0.7867656572998549,-0.6456292084026884,0.21246543174618848,0.3082784665501819,-0.04815813267277047,0.558369971071186,0.9777923143058622,0.04162683761784258,0.2835862922972556,0.5667094587379262,-0.44657407464717225,0.5920600304667372,0.1696606221847483,0.10533013392632573,-0.9748716256770973,0.3773192717672671,0.412695783176787,-0.0161442152120419,-0.8496468900930696,0.0046577062970856176,0.2567864359306711,-0.06346667264225037,-0.7194552633422202,-0.80631261566943,-0.16750872354653668,-0.3063569452589159,0.24929805053352205,0.06472211106063641,0.3246713617902395,0.6832127510666408,0.856715704777818,-0.5761301378195594,0.6831880516242359,-0.7536582637116236,0.540207404487465,-0.17252471973293604,0.3366225262044784,0.6008518704134418,0.8647527430663899,-0.46640965642186405,0.17216512054678246,0.7759077921201192
52.473959047467254,0.9066636444603449,0.37858547978391877,0.5871253036697108,-0.3995618319084042,0.939844210541271,-0.13678563099001462,0.9114690091916804,0.5013599267812066,0.8403407671592618,-0.7844202983224069,-0.6510627300159295,-0.5666595753736681,-0.9688461048710657,0.0527050403364564,0.4004309711197731,0.43903425194627754,-0.06746542692174651,0.7641971024228602,0.2104655324991087,-0.9415906212709322,-0.991742680745364,-0.8942885888248906,0.9054631946638647,0.20345041130387465,-0.07402994594121237,-0.22934422705930224,-0.18693053874291343,0.9118590779892282,-0.47102954457914614,-0.25241512683248746,0.5893738665249644,0.4938116554976639,-0.6344306487944205,0.6722990066283567,0.10389184557199993,0.6084369733227366,0.0718729082852203,0.10614170349900309,-0.34019883278466745,0.876396224335793,-0.6780596266016512,-0.5121118142113859,0.1561236472829335,-0.9970477696457396,0.5240761519690176,-0.5246959349881806,0.4896151394125816,0.35313092496776743,0.07892681635857923,-0.3124896557386261,-0.447747824804148,-0.1947922622048861,0.18714623898592864,0.9473626345807944,0.842149972831,0.18417125582602112,-0.03457514679097895,0.8054385394639412,0.7911105973319856,-0.6124577156139501,0.7628228011082971,-0.7821644542720179,-0.27693726900994675,0.7035431988715386,0.5510982703636222,0.5869620209021233,0.4040841171900138,0.8841284468831949,-0.9870433266460517,0.6988965008685604,-0.7301645334120201,0.7570555753635708,-0.07857827833023712,0.7501130744000186,-0.7638744193266613,-0.53048570356968,0.9239555457805115,-0.6946290662065193,0.6744610463101739,0.2925131284813669,0.5788981636472987,0.9763064466934548,0.5684346143721719,-0.8453195253591805,-0.9144111164397042,0.7017614137779455,0.5551829489083739,-0.2914730625744377,-0.6940683477384,-0.3467090686847025,0.6851572865699329,0.3230533183141493,-0.6895126256376516,0.4900009814523114,-0.6696961352887421,-0.7955284311426196,0.43657883800446284,-0.3302917062776365,-0.15311916390543256,0.9888553520070806,-0.8782214684190894,0.814488162154023,-0.6798323497872736,-0.22463990233610698,0.09389889045872435,-0.4958590242931933,-0.5412125614892769,0.3378251509616359,-0.5542315262061672,-0.7674493052721425,-0.6730525800799629,-0.8819053641437962,0.33861944682371536,-0.8248033828392605,0.8692446357033605,0.1407613314440086,0.7417866011738243,-0.694806498669615,0.5684214457496188,-0.42370542343719597,0.5232009862669125,-0.7818616463161088,-0.7911032430608915,-0.925443277034673,-0.2369313289083963,-0.9041474741489313,0.25952520872924945,0.23493104830506795,-0.9072456674844611,-0.6341576019271988,0.919285373439992,-0.7339451109459025,-0.838629444649964,0.5914651956319796,0.4463733452384788,-0.6330890350267702,0.7697813281293227,0.9857636184685563,0.25900068819641353,0.11532373593053524,-0.47721742719817994,-0.5948986160052163,-0.39867200586067786,-0.022336036801389625,-0.19324744332215138,-0.9125789694071109,0.5150731818784717,0.5739365890789982,-0.306893016527501,-0.353192190024993,-0.09810901938481664,0.1909351531954251,0.14284090852423414,0.9269023817849724,0.205691893817592,0.5060802198628498,0.47925787290079347,0.677916138453786,-0.2536221070201534,0.40108742649214335,-0.039631013458039765,-0.5067613204217138,-0.8490739484332326,0.7505233633538104,0.7455888729060454,0.04844373483898967,0.4956188215232824,-0.9739062053664251,0.969319898271378,0.3454906236475135,0.10398758895713445,-0.23717326334392808,0.09451788129228111,0.12606538377286625,0.6249548877768776,0.18345637816653504,-0.2855437682452522,-0.4514578972617378,-0.7888864410547216,0.39118783173758653,-0.7762387863486107,0.22235584610493575,0.8311063792510316,-0.9790856893039483,-0.502243112351727,-0.03799819357647438,0.9376725695455312,-0.4865501828459138,-0.9611577961225708,-0.9451580083863862,-0.5804451432073408,0.27175951977886004,-0.37679407674708143,0.6640788625431795,-0.9731473505672785,-0.7832745464437147,-0.6675056054588908,-0.8529255738454278,0.7717322721151187,-0.43713737643108663,0.8997760841755,-0.7382746076680411,0.12959016967565717,0.653059861181301,-0.8702659319307988,0.12733138674917632,0.1570930960219692,-0.03524487350800287,-0.43561996895522226,-0.952184154408267,-0.7269359787565104,0.9170378565899457,0.5283511937429115,-0.4942756449645431,0.17180700482482592,0.7574375510179463,0.5221703863033371,-0.6127641594660149,0.9246396561275381,0.01566107863176569,0.6042700368954208,0.44988457294787043,0.9661287101094524,0.7867656572998549,-0.6456292084026884,0.21246543174618848,0.3082784665501819,-0.04815813267277047,0.558369971071186,0.9777923143058622,0.04162683761784258,0.2835862922972556,0.5667094587379262,-0.44657407464717225,0.5920600304667372,0.1696606221847483,0.10533013392632573,-0.9748716256770973,0.3773192717672671,0.412695783176787,-0.0161442152120419,-0.8496468900930696,0.0046577062970856176,0.2567864359306711,-0.06346667264225037,-0.7194552633422202,-0.80631261566943,-0.16750872354653668,-0.3063569452589159,0.24929805053352205,0.06472211106063641,0.3246713617902395,0.6832127510666408,0.856715704777818,-0.5761301378195594,0.6831880516242359,-0.7536582637116236,0.540207404487465,-0.17252471973293604,0.3366225262044784,0.6008518704134418,0.8647527430663899,-0.46640965642186405,0.17216512054678246,0.7759077921201192
52.473959047467254,0.9066636444603449,0.37858547978391877,0.5871253036697108,-0.3995618319084042,0.939844210541271,-0.13678563099001462,0.9114690091916804,0.5013599267812066,0.8403407671592618,-0.7844202983224069,-0.6510627300159295,-0.5666595753736681,-0.9688461048710657,0.0527050403364564,0.4004309711197731,0.43903425194627754,-0.06746542692174651,0.7641971024228602,0.2104655324991087,-0.9415906212709322,-0.991742680745364,-0.8942885888248906,0.9054631946638647,0.20345041130387465,-0.07402994594121237,-0.22934422705930224,-0.18693053874291343,0.9118590779892282,-0.47102954457914614,-0.25241512683248746,0.5893738665249644,0.4938116554976639,-0.6344306487944205,0.6722990066283567,0.10389184557199993,0.6084369733227366,0.0718729082852203,0.10614170349900309,-0.34019883278466745,0.876396224335793,-0.6780596266016512,-0.5121118142113859,0.1561236472829335,-0.9970477696457396,0.5240761519690176,-0.5246959349881806,0.4896151394125816,0.35313092496776743,0.07892681635857923,-0.3124896557386261,-0.447747824804148,-0.1947922622048861,0.18714623898592864,0.9473626345807944,0.842149972831,0.18417125582602112,-0.03457514679097895,0.8054385394639412,0.7911105973319856,-0.6124577156139501,0.7628228011082971,-0.7821644542720179,-0.27693726900994675,0.7035431988715386,0.5510982703636222,0.5869620209021233,0.4040841171900138,0.8841284468831949,-0.9870433266460517,0.6988965008685604,-0.7301645334120201,0.7570555753635708,-0.07857827833023712,0.7501130744000186,-0.7638744193266613,-0.53048570356968,0.9239555457805115,-0.6946290662065193,0.6744610463101739,0.2925131284813669,0.5788981636472987,0.9763064466934548,0.5684346143721719,-0.8453195253591805,-0.9144111164397042,0.7017614137779455,0.5551829489083739,-0.2914730625744377,-0.6940683477384,-0.3467090686847025,0.6851572865699329,0.3230533183141493,-0.6895126256376516,0.4900009814523114,-0.6696961352887421,-0.7955284311426196,0.43657883800446284,-0.3302917062776365,-0.15311916390543256,0.9888553520070806,-0.8782214684190894,0.814488162154023,-0.6798323497872736,-0.22463990233610698,0.09389889045872435,-0.4958590242931933,-0.5412125614892769,0.3378251509616359,-0.5542315262061672,-0.7674493052721425,-0.6730525800799629,-0.8819053641437962,0.33861944682371536,-0.8248033828392605,0.8692446357033605,0.1407613314440086,0.7417866011738243,-0.694806498669615,0.5684214457496188,-0.42370542343719597,0.5232009862669125,-0.7818616463161088,-0.7911032430608915,-0.925443277034673,-0.2369313289083963,-0.9041474741489313,0.25952520872924945,0.23493104830506795,-0.9072456674844611,-0.6341576019271988,0.919285373439992,-0.7339451109459025,-0.838629444649964,0.5914651956319796,0.4463733452384788,-0.6330890350267702,0.7697813281293227,0.9857636184685563,0.25900068819641353,0.11532373593053524,-0.47721742719817994,-0.5948986160052163,-0.39867200586067786,-0.022336036801389625,-0.19324744332215138,-0.9125789694071109,0.5150731818784717,0.5739365890789982,-0.306893016527501,-0.353192190024993,-0.09810901938481664,0.1909351531954251,0.14284090852423414,0.9269023817849724,0.205691893817592,0.5060802198628498,0.47925787290079347,0.677916138453786,-0.2536221070201534,0.40108742649214335,-0.039631013458039765,-0.5067613204217138,-0.8490739484332326,0.7505233633538104,0.7455888729060454,0.04844373483898967,0.4956188215232824,-0.9739062053664251,0.969319898271378,0.3454906236475135,0.10398758895713445,-0.23717326334392808,0.09451788129228111,0.12606538377286625,0.6249548877768776,0.18345637816653504,-0.2855437682452522,-0.4514578972617378,-0.7888864410547216,0.39118783173758653,-0.7762387863486107,0.22235584610493575,0.8311063792510316,-0.9790856893039483,-0.502243112351727,-0.03799819357647438,0.9376725695455312,-0.4865501828459138,-0.9611577961225708,-0.9451580083863862,-0.5804451432073408,0.27175951977886004,-0.37679407674708143,0.6640788625431795,-0.9731473505672785,-0.7832745464437147,-0.6675056054588908,-0.8529255738454278,0.7717322721151187,-0.43713737643108663,0.8997760841755,-0.7382746076680411,0.12959016967565717,0.653059861181301,-0.8702659319307988,0.12733138674917632,0.1570930960219692,-0.03524487350800287,-0.43561996895522226,-0.952184154408267,-0.7269359787565104,0.9170378565899457,0.5283511937429115,-0.4942756449645431,0.17180700482482592,0.7574375510179463,0.5221703863033371,-0.6127641594660149,0.9246396561275381,0.01566107863176569,0.6042700368954208,0.44988457294787043,0.9661287101094524,0.7867656572998549,-0.6456292084026884,0.21246543174618848,0.3082784665501819,-0.04815813267277047,0.558369971071186,0.9777923143058622,0.04162683761784258,0.2835862922972556,0.5667094587379262,-0.44657407464717225,0.5920600304667372,0.1696606221847483,0.10533013392632573,-0.9748716256770973,0.3773192717672671,0.412695783176787,-0.0161442152120419,-0.8496468900930696,0.0046577062970856176,0.2567864359306711,-0.06346667264225037,-0.7194552633422202,-0.80631261566943,-0.16750872354653668,-0.3063569452589159,0.24929805053352205,0.06472211106063641,0.3246713617902395,0.6832127510666408,0.856715704777818,-0.5761301378195594,0.6831880516242359,-0.7536582637116236,0.540207404487465,-0.17252471973293604,0.3366225262044784,0.6008518704134418,0.8647527430663899,-0.46640965642186405,0.17216512054678246,0.7759077921201192
52.473959047467254,0.9066636444603449,0.37858547978391877,0.5871253036697108,-0.3995618319084042,0.939844210541271,-0.13678563099001462,0.9114690091916804,0.5013599267812066,0.8403407671592618,-0.7844202983224069,-0.6510627300159295,-0.5666595753736681,-0.9688461048710657,0.0527050403364564,0.4004309711197731,0.43903425194627754,-0.06746542692174651,0.7641971024228602,0.2104655324991087,-0.9415906212709322,-0.991742680745364,-0.8942885888248906,0.9054631946638647,0.20345041130387465,-0.07402994594121237,-0.22934422705930224,-0.18693053874291343,0.9118590779892282,-0.47102954457914614,-0.25241512683248746,0.5893738665249644,0.4938116554976639,-0.6344306487944205,0.6722990066283567,0.10389184557199993,0.6084369733227366,0.0718729082852203,0.10614170349900309,-0.34019883278466745,0.876396224335793,-0.6780596266016512,-0.5121118142113859,0.1561236472829335,-0.9970477696457396,0.5240761519690176,-0.5246959349881806,0.4896151394125816,0.35313092496776743,0.07892681635857923,-0.3124896557386261,-0.447747824804148,-0.1947922622048861,0.18714623898592864,0.9473626345807944,0.842149972831,0.18417125582602112,-0.03457514679097895,0.8054385394639412,0.7911105973319856,-0.6124577156139501,0.7628228011082971,-0.7821644542720179,-0.27693726900994675,0.7035431988715386,0.5510982703636222,0.5869620209021233,0.4040841171900138,0.8841284468831949,-0.9870433266460517,0.6988965008685604,-0.7301645334120201,0.7570555753635708,-0.07857827833023712,0.7501130744000186,-0.7638744193266613,-0.53048570356968,0.9239555457805115,-0.6946290662065193,0.6744610463101739,0.2925131284813669,0.5788981636472987,0.9763064466934548,0.5684346143721719,-0.8453195253591805,-0.9144111164397042,0.7017614137779455,0.5551829489083739,-0.2914730625744377,-0.6940683477384,-0.3467090686847025,0.6851572865699329,0.3230533183141493,-0.6895126256376516,0.4900009814523114,-0.6696961352887421,-0.7955284311426196,0.43657883800446284,-0.3302917062776365,-0.15311916390543256,0.9888553520070806,-0.8782214684190894,0.814488162154023,-0.6798323497872736,-0.22463990233610698,0.09389889045872435,-0.4958590242931933,-0.5412125614892769,0.3378251509616359,-0.5542315262061672,-0.7674493052721425,-0.6730525800799629,-0.8819053641437962,0.33861944682371536,-0.8248033828392605,0.8692446357033605,0.1407613314440086,0.7417866011738243,-0.694806498669615,0.5684214457496188,-0.42370542343719597,0.5232009862669125,-0.7818616463161088,-0.7911032430608915,-0.925443277034673,-0.2369313289083963,-0.9041474741489313,0.25952520872924945,0.23493104830506795,-0.9072456674844611,-0.6341576019271988,0.919285373439992,-0.7339451109459025,-0.838629444649964,0.5914651956319796,0.4463733452384788,-0.6330890350267702,0.7697813281293227,0.9857636184685563,0.25900068819641353,0.11532373593053524,-0.47721742719817994,-0.5948986160052163,-0.39867200586067786,-0.022336036801389625,-0.19324744332215138,-0.9125789694071109,0.5150731818784717,0.5739365890789982,-0.306893016527501,-0.353192190024993,-0.09810901938481664,0.1909351531954251,0.14284090852423414,0.9269023817849724,0.205691893817592,0.5060802198628498,0.47925787290079347,0.677916138453786,-0.2536221070201534,0.40108742649214335,-0.039631013458039765,-0.5067613204217138,-0.8490739484332326,0.7505233633538104,0.7455888729060454,0.04844373483898967,0.4956188215232824,-0.9739062053664251,0.969319898271378,0.3454906236475135,0.10398758895713445,-0.23717326334392808,0.09451788129228111,0.12606538377286625,0.6249548877768776,0.18345637816653504,-0.2855437682452522,-0.4514578972617378,-0.7888864410547216,0.39118783173758653,-0.7762387863486107,0.22235584610493575,0.8311063792510316,-0.9790856893039483,-0.502243112351727,-0.03799819357647438,0.9376725695455312,-0.4865501828459138,-0.9611577961225708,-0.9451580083863862,-0.5804451432073408,0.27175951977886004,-0.37679407674708143,0.6640788625431795,-0.9731473505672785,-0.7832745464437147,-0.6675056054588908,-0.8529255738454278,0.7717322721151187,-0.43713737643108663,0.8997760841755,-0.7382746076680411,0.12959016967565717,0.653059861181301,-0.8702659319307988,0.12733138674917632,0.1570930960219692,-0.03524487350800287,-0.43561996895522226,-0.952184154408267,-0.7269359787565104,0.9170378565899457,0.5283511937429115,-0.4942756449645431,0.17180700482482592,0.7574375510179463,0.5221703863033371,-0.6127641594660149,0.9246396561275381,0.01566107863176569,0.6042700368954208,0.44988457294787043,0.9661287101094524,0.7867656572998549,-0.6456292084026884,0.21246543174618848,0.3082784665501819,-0.04815813267277047,0.558369971071186,0.9777923143058622,0.04162683761784258,0.2835862922972556,0.5667094587379262,-0.44657407464717225,0.5920600304667372,0.1696606221847483,0.10533013392632573,-0.9748716256770973,0.3773192717672671,0.412695783176787,-0.0161442152120419,-0.8496468900930696,0.0046577062970856176,0.2567864359306711,-0.06346667264225037,-0.7194552633422202,-0.80631261566943,-0.16750872354653668,-0.3063569452589159,0.24929805053352205,0.06472211106063641,0.3246713617902395,0.6832127510666408,0.856715704777818,-0.5761301378195594,0.6831880516242359,-0.7536582637116236,0.540207404487465,-0.17252471973293604,0.3366225262044784,0.6008518704134418,0.8647527430663899,-0.46640965642186405,0.17216512054678246,0.7759077921201192
52.473959047467254,0.9066636444603449,0.37858547978391877,0.5871253036697108,-0.3995618319084042,0.939844210541271,-0.13678563099001462,0.9114690091916804,0.5013599267812066,0.8403407671592618,-0.7844202983224069,-0.6510627300159295,-0.5666595753736681,-0.9688461048710657,0.0527050403364564,0.4004309711197731,0.43903425194627754,-0.06746542692174651,0.7641971024228602,0.2104655324991087,-0.9415906212709322,-0.991742680745364,-0.8942885888248906,0.9054631946638647,0.20345041130387465,-0.07402994594121237,-0.22934422705930224,-0.18693053874291343,0.9118590779892282,-0.47102954457914614,-0.25241512683248746,0.5893738665249644,0.4938116554976639,-0.6344306487944205,0.6722990066283567,0.10389184557199993,0.6084369733227366,0.0718729082852203,0.10614170349900309,-0.34019883278466745,0.876396224335793,-0.6780596266016512,-0.5121118142113859,0.1561236472829335,-0.9970477696457396,0.5240761519690176,-0.5246959349881806,0.4896151394125816,0.35313092496776743,0.07892681635857923,-0.3124896557386261,-0.447747824804148,-0.1947922622048861,0.18714623898592864,0.9473626345807944,0.842149972831,0.18417125582602112,-0.03457514679097895,0.8054385394639412,0.7911105973319856,-0.6124577156139501,0.7628228011082971,-0.7821644542720179,-0.27693726900994675,0.7035431988715386,0.5510982703636222,0.5869620209021233,0.4040841171900138,0.8841284468831949,-0.9870433266460517,0.6988965008685604,-0.7301645334120201,0.7570555753635708,-0.07857827833023712,0.7501130744000186,-0.7638744193266613,-0.53048570356968,0.9239555457805115,-0.6946290662065193,0.6744610463101739,0.2925131284813669,0.5788981636472987,0.9763064466934548,0.5684346143721719,-0.8453195253591805,-0.9144111164397042,0.7017614137779455,0.5551829489083739,-0.2914730625744377,-0.6940683477384,-0.3467090686847025,0.6851572865699329,0.3230533183141493,-0.6895126256376516,0.4900009814523114,-0.6696961352887421,-0.7955284311426196,0.43657883800446284,-0.3302917062776365,-0.15311916390543256,0.9888553520070806,-0.8782214684190894,0.814488162154023,-0.6798323497872736,-0.22463990233610698,0.09389889045872435,-0.4958590242931933,-0.5412125614892769,0.3378251509616359,-0.5542315262061672,-0.7674493052721425,-0.6730525800799629,-0.8819053641437962,0.33861944682371536,-0.8248033828392605,0.8692446357033605,0.1407613314440086,0.7417866011738243,-0.694806498669615,0.5684214457496188,-0.42370542343719597,0.5232009862669125,-0.7818616463161088,-0.7911032430608915,-0.925443277034673,-0.2369313289083963,-0.9041474741489313,0.25952520872924945,0.23493104830506795,-0.9072456674844611,-0.6341576019271988,0.919285373439992,-0.7339451109459025,-0.838629444649964,0.5914651956319796,0.4463733452384788,-0.6330890350267702,0.7697813281293227,0.9857636184685563,0.25900068819641353,0.11532373593053524,-0.47721742719817994,-0.5948986160052163,-0.39867200586067786,-0.022336036801389625,-0.19324744332215138,-0.9125789694071109,0.5150731818784717,0.5739365890789982,-0.306893016527501,-0.353192190024993,-0.09810901938481664,0.1909351531954251,0.14284090852423414,0.9269023817849724,0.205691893817592,0.5060802198628498,0.47925787290079347,0.677916138453786,-0.2536221070201534,0.40108742649214335,-0.039631013458039765,-0.5067613204217138,-0.8490739484332326,0.7505233633538104,0.7455888729060454,0.04844373483898967,0.4956188215232824,-0.9739062053664251,0.969319898271378,0.3454906236475135,0.10398758895713445,-0.23717326334392808,0.09451788129228111,0.12606538377286625,0.6249548877768776,0.18345637816653504,-0.2855437682452522,-0.4514578972617378,-0.7888864410547216,0.39118783173758653,-0.7762387863486107,0.22235584610493575,0.8311063792510316,-0.9790856893039483,-0.502243112351727,-0.03799819357647438,0.9376725695455312,-0.4865501828459138,-0.9611577961225708,-0.9451580083863862,-0.5804451432073408,0.27175951977886004,-0.37679407674708143,0.6640788625431795,-0.9731473505672785,-0.7832745464437147,-0.6675056054588908,-0.8529255738454278,0.7717322721151187,-0.43713737643108663,0.8997760841755,-0.7382746076680411,0.12959016967565717,0.653059861181301,-0.8702659319307988,0.12733138674917632,0.1570930960219692,-0.03524487350800287,-0.43561996895522226,-0.952184154408267,-0.7269359787565104,0.9170378565899457,0.5283511937429115,-0.4942756449645431,0.17180700482482592,0.7574375510179463,0.5221703863033371,-0.6127641594660149,0.9246396561275381,0.01566107863176569,0.6042700368954208,0.44988457294787043,0.9661287101094524,0.7867656572998549,-0.6456292084026884,0.21246543174618848,0.3082784665501819,-0.04815813267277047,0.558369971071186,0.9777923143058622,0.04162683761784258,0.2835862922972556,0.5667094587379262,-0.44657407464717225,0.5920600304667372,0.1696606221847483,0.10533013392632573,-0.9748716256770973,0.3773192717672671,0.412695783176787,-0.0161442152120419,-0.8496468900930696,0.0046577062970856176,0.2567864359306711,-0.06346667264225037,-0.7194552633422202,-0.80631261566943,-0.16750872354653668,-0.3063569452589159,0.24929805053352205,0.06472211106063641,0.3246713617902395,0.6832127510666408,0.856715704777818,-0.5761301378195594,0.6831880516242359,-0.7536582637116236,0.540207404487465,-0.17252471973293604,0.3366225262044784,0.6008518704134418,0.8647527430663899,-0.46640965642186405,0.17216512054678246,0.7759077921201192
51.45009808469854,-0.33117696755811776,0.37858547978391877,0.5871253036697108,-0.7267681751773669,0.08350545598153625,0.030075503347994026,-0.699194475210065,-0.7907879280452996,-0.7275881638490489,0.9372754947624178,-0.042374934435069456,0.8816512572189716,-0.9688461048710657,0.0527050403364564,0.4004309711197731,0.43903425194627754,-0.06746542692174651,0.7641971024228602,0.022481132935671777,-0.4547447298876002,-0.991742680745364,-0.8942885888248906,0.9054631946638647,0.22914018116265988,-0.07402994594121237,-0.22934422705930224,-0.18693053874291343,-0.6080930350074953,-0.47102954457914614,-0.25241512683248746,0.5893738665249644,0.4938116554976639,-0.6344306487944205,0.6722990066283567,0.10389184557199993,-0.21273723237944986,0.7725725053347552,0.046913842430652775,-0.2590189555316633,-0.42918164204460885,-0.20691855197570685,-0.5121118142113859,0.1561236472829335,-0.9759779496274623,-0.5190497752854921,-0.022438636417898117,0.4896151394125816,0.35313092496776743,0.07892681635857923,-0.357885415530647,-0.5254051757918319,-0.6257022564393888,-0.5235513500216369,0.4397794648252151,0.6762660755846595,-0.4703553634940332,0.19594748760057445,0.8054385394639412,0.7911105973319856,-0.6124577156139501,0.7628228011082971,-0.7821644542720179,-0.27693726900994675,0.7035431988715386,-0.3467067847297467,-0.19979827796276473,0.5156719833485031,0.8841284468831949,-0.9870433266460517,0.568896648211731,-0.7301645334120201,0.7570555753635708,0.6782600405385231,-0.2808863195238658,-0.4234104701527126,-0.9431085358171241,0.9239555457805115,-0.6946290662065193,-0.0482669378070002,0.2925131284813669,0.5788981636472987,0.9763064466934548,0.08741002719216939,-0.6296483603855567,0.4335042856096998,0.3676443969869254,-0.17741679358486562,0.798573640482882,-0.5839302945479625,0.14345290471087813,-0.765708898268916,0.3459624189148953,-0.6895126256376516,0.4900009814523114,-0.4420899073282407,-0.11188879409402075,0.9150262754903182,-0.6925021025635534,-0.15311916390543256,-0.8616619078994092,-0.8782214684190894,-0.6229366076685419,-0.35574181874707667,0.5814670228426353,0.09389889045872435,-0.29905529035659173,0.5216714675977312,-0.2657533034302255,0.1410633121683711,-0.294480001615399,0.4476039000840877,-0.0009909108968924052,0.33861944682371536,-0.30666861778612153,-0.716931777726608,-0.28674303056200356,-0.5793785195638799,-0.9160431570730632,0.16313213608753152,0.2519435317837848,-0.3761737851147269,0.680662672934123,-0.45078817685567807,-0.633430856823245,-0.30455265483901073,0.8544772439991566,0.25952520872924945,-0.41043363928296084,0.31422871561695453,-0.6341576019271988,-0.4173698054519104,-0.43180944960437184,-0.4530941548999001,0.8261432225695562,0.4463733452384788,-0.552312707358035,0.9757831063128481,0.8498556112261806,0.486780217231938,-0.5170160376581152,0.24755292838671328,0.21336105688578133,0.25344989509211024,-0.5664707981366028,-0.26699458562485345,-0.3946804355832545,0.44806328807243156,-0.911766986375182,-0.9310905524937247,-0.097171055442129,0.015322557333776299,0.08794167315237145,-0.552190021241354,0.6347226559066537,0.205691893817592,0.2171946238001603,-0.031377363982962425,0.9324844449157039,-0.3490676298921831,-0.20470656025782463,0.007458668954412273,0.652135824747603,0.21877265495771692,-0.32679077669371726,0.4288251406154817,-0.7332930500389232,0.016121859387501436,-0.8395394128142286,-0.8501600823016555,-0.4751688989643683,-0.08188011241589654,-0.23717326334392808,0.5348227121869353,0.4582633219835257,-0.5890932443956882,0.049105622441375285,-0.7515823123455165,0.3494400186459987,-0.1723070819978494,0.8652406446356435,0.4730075790511119,0.22235584610493575,-0.7449466730264955,0.7212668521503685,-0.502243112351727,-0.26650859382259506,0.7610839613790219,0.883741397189604,0.328304703258266,0.9320912780154611,-0.372612809344937,0.07477094373217907,-0.9849234318348601,0.7791137992209425,0.9159510144926859,-0.3785264426719541,-0.6675056054588908,-0.33173306727384766,-0.3361277858963927,-0.43713737643108663,0.8997760841755,0.37632279870787744,-0.30190561679861583,0.9443710673625445,-0.8702659319307988,0.2595831672367961,-0.40654949347829095,-0.2400095050960105,-0.43561996895522226,-0.952184154408267,-0.7269359787565104,0.9170378565899457,0.3649070536440231,-0.4942756449645431,0.17180700482482592,0.7574375510179463,0.5221703863033371,-0.6285011753907876,0.9246396561275381,0.5826568069808649,0.5258953658918148,0.44988457294787043,0.9472182795209552,0.7867656572998549,-0.1269209216027556,0.21065554766138028,-0.26714394637217875,-0.04815813267277047,0.0997752498297666,0.9777923143058622,0.1284648440699363,0.23227074269368075,0.5667094587379262,0.9384073688373182,0.5920600304667372,0.1696606221847483,0.8328798799268515,-0.9748716256770973,0.3773192717672671,0.436752937576272,-0.0161442152120419,0.1157114418733114,-0.7539613611269698,0.2567864359306711,-0.06346667264225037,-0.6208420657093083,-0.8131571752660607,0.7930759636725631,-0.38500488588261406,-0.42626147513761903,-0.10115685500061744,0.3246713617902395,0.6832127510666408,0.31374323431782414,-0.5761301378195594,0.6831880516242359,0.30836054350545816,0.27028689660153304,-0.4965372131860075,-0.7739971358747593,0.8367454610024936,0.8647527430663899,0.6788540982065365,0.17216512054678246,0.7759077921201192
51.45009808469854,-0.33117696755811776,0.37858547978391877,0.5871253036697108,-0.7267681751773669,0.08350545598153625,0.030075503347994026,-0.699194475210065,-0.7907879280452996,-0.7275881638490489,0.9372754947624178,-0.042374934435069456,0.8816512572189716,-0.9688461048710657,0.0527050403364564,0.4004309711197731,0.43903425194627754,-0.06746542692174651,0.7641971024228602,0.022481132935671777,-0.4547447298876002,-0.991742680745364,-0.8942885888248906,0.9054631946638647,0.22914018116265988,-0.07402994594121237,-0.22934422705930224,-0.18693053874291343,-0.6080930350074953,-0.47102954457914614,-0.25241512683248746,0.5893738665249644,0.4938116554976639,-0.6344306487944205,0.6722990066283567,0.10389184557199993,-0.21273723237944986,0.7725725053347552,0.046913842430652775,-0.2590189555316633,-0.42918164204460885,-0.20691855197570685,-0.5121118142113859,0.1561236472829335,-0.9759779496274623,-0.5190497752854921,-0.022438636417898117,0.4896151394125816,0.35313092496776743,0.07892681635857923,-0.357885415530647,-0.5254051757918319,-0.6257022564393888,-0.5235513500216369,0.4397794648252151,0.6762660755846595,-0.4703553634940332,0.19594748760057445,0.8054385394639412,0.7911105973319856,-0.6124577156139501,0.7628228011082971,-0.7821644542720179,-0.27693726900994675,0.7035431988715386,-0.3467067847297467,-0.19979827796276473,0.5156719833485031,0.8841284468831949,-0.9870433266460517,0.568896648211731,-0.7301645334120201,0.7570555753635708,0.6782600405385231,-0.2808863195238658,-0.4234104701527126,-0.9431085358171241,0.9239555457805115,-0.6946290662065193,-0.0482669378070002,0.2925131284813669,0.5788981636472987,0.9763064466934548,0.08741002719216939,-0.6296483603855567,0.4335042856096998,0.3676443969869254,-0.17741679358486562,0.798573640482882,-0.5839302945479625,0.14345290471087813,-0.765708898268916,0.3459624189148953,-0.6895126256376516,0.4900009814523114,-0.4420899073282407,-0.11188879409402075,0.9150262754903182,-0.6925021025635534,-0.15311916390543256,-0.8616619078994092,-0.8782214684190894,-0.6229366076685419,-0.35574181874707667,0.5814670228426353,0.09389889045872435,-0.29905529035659173,0.5216714675977312,-0.2657533034302255,0.1410633121683711,-0.294480001615399,0.4476039000840877,-0.0009909108968924052,0.33861944682371536,-0.30666861778612153,-0.716931777726608,-0.28674303056200356,-0.5793785195638799,-0.9160431570730632,0.16313213608753152,0.2519435317837848,-0.3761737851147269,0.680662672934123,-0.45078817685567807,-0.633430856823245,-0.30455265483901073,0.8544772439991566,0.25952520872924945,-0.41043363928296084,0.31422871561695453,-0.6341576019271988,-0.4173698054519104,-0.43180944960437184,-0.4530941548999001,0.8261432225695562,0.4463733452384788,-0.552312707358035,0.9757831063128481,0.8498556112261806,0.486780217231938,-0.5170160376581152,0.24755292838671328,0.21336105688578133,0.25344989509211024,-0.5664707981366028,-0.26699458562485345,-0.3946804355832545,0.44806328807243156,-0.911766986375182,-0.9310905524937247,-0.097171055442129,0.015322557333776299,0.08794167315237145,-0.552190021241354,0.6347226559066537,0.205691893817592,0.2171946238001603,-0.031377363982962425,0.9324844449157039,-0.3490676298921831,-0.20470656025782463,0.007458668954412273,0.652135824747603,0.21877265495771692,-0.32679077669371726,0.4288251406154817,-0.7332930500389232,0.016121859387501436,-0.8395394128142286,-0.8501600823016555,-0.4751688989643683,-0.08188011241589654,-0.23717326334392808,0.5348227121869353,0.4582633219835257,-0.5890932443956882,0.049105622441375285,-0.7515823123455165,0.3494400186459987,-0.1723070819978494,0.8652406446356435,0.4730075790511119,0.22235584610493575,-0.7449466730264955,0.7212668521503685,-0.502243112351727,-0.26650859382259506,0.7610839613790219,0.883741397189604,0.328304703258266,0.9320912780154611,-0.372612809344937,0.07477094373217907,-0.9849234318348601,0.7791137992209425,0.9159510144926859,-0.3785264426719541,-0.6675056054588908,-0.33173306727384766,-0.3361277858963927,-0.43713737643108663,0.8997760841755,0.37632279870787744,-0.30190561679861583,0.9443710673625445,-0.8702659319307988,0.2595831672367961,-0.40654949347829095,-0.2400095050960105,-0.43561996895522226,-0.952184154408267,-0.7269359787565104,0.9170378565899457,0.3649070536440231,-0.4942756449645431,0.17180700482482592,0.7574375510179463,0.5221703863033371,-0.6285011753907876,0.9246396561275381,0.5826568069808649,0.5258953658918148,0.44988457294787043,0.9472182795209552,0.7867656572998549,-0.1269209216027556,0.21065554766138028,-0.26714394637217875,-0.04815813267277047,0.0997752498297666,0.9777923143058622,0.1284648440699363,0.23227074269368075,0.5667094587379262,0.9384073688373182,0.5920600304667372,0.1696606221847483,0.8328798799268515,-0.9748716256770973,0.3773192717672671,0.436752937576272,-0.0161442152120419,0.1157114418733114,-0.7539613611269698,0.2567864359306711,-0.06346667264225037,-0.6208420657093083,-0.8131571752660607,0.7930759636725631,-0.38500488588261406,-0.42626147513761903,-0.10115685500061744,0.3246713617902395,0.6832127510666408,0.31374323431782414,-0.5761301378195594,0.6831880516242359,0.30836054350545816,0.27028689660153304,-0.4965372131860075,-0.7739971358747593,0.8367454610024936,0.8647527430663899,0.6788540982065365,0.17216512054678246,0.7759077921201192
52.51590875656392,-0.33117696755811776,0.37858547978391877,0.5871253036697108,-0.7267681751773669,0.08350545598153625,0.030075503347994026,-0.699194475210065,-0.7907879280452996,-0.7275881638490489,0.9372754947624178,-0.042374934435069456,0.8816512572189716,-0.9688461048710657,0.0527050403364564,0.4004309711197731,0.43903425194627754,-0.06746542692174651,0.7641971024228602,0.022481132935671777,-0.4547447298876002,-0.991742680745364,-0.8942885888248906,-0.5304883826086011,0.22914018116265988,-0.07402994594121237,-0.22934422705930224,-0.18693053874291343,-0.6080930350074953,-0.47102954457914614,-0.25241512683248746,0.5893738665249644,0.4938116554976639,-0.6344306487944205,0.6722990066283567,0.10389184557199993,-0.21273723237944986,0.7725725053347552,0.046913842430652775,-0.2590189555316633,-0.42918164204460885,-0.20691855197570685,-0.5121118142113859,0.1561236472829335,-0.9759779496274623,-0.5190497752854921,-0.022438636417898117,0.4896151394125816,0.35313092496776743,0.07892681635857923,-0.357885415530647,-0.5254051757918319,-0.6257022564393888,-0.5235513500216369,0.4397794648252151,0.6762660755846595,-0.4703553634940332,0.19594748760057445,0.8054385394639412,0.7911105973319856,-0.6124577156139501,0.7628228011082971,-0.7821644542720179,-0.27693726900994675,0.7035431988715386,-0.3467067847297467,-0.19979827796276473,0.5156719833485031,0.8841284468831949,-0.9870433266460517,0.568896648211731,-0.7301645334120201,0.7570555753635708,0.6782600405385231,-0.2808863195238658,-0.4234104701527126,-0.9431085358171241,0.9239555457805115,-0.6946290662065193,-0.0482669378070002,0.2925131284813669,0.5788981636472987,0.9763064466934548,0.08741002719216939,-0.6296483603855567,0.4335042856096998,0.3676443969869254,-0.17741679358486562,0.798573640482882,-0.5839302945479625,0.14345290471087813,-0.765708898268916,0.3459624189148953,-0.6895126256376516,0.4900009814523114,-0.4420899073282407,-0.11188879409402075,0.9150262754903182,-0.6925021025635534,-0.15311916390543256,-0.8616619078994092,-0.8782214684190894,-0.6229366076685419,-0.35574181874707667,0.5814670228426353,0.09389889045872435,-0.29905529035659173,0.5216714675977312,-0.2657533034302255,0.1410633121683711,-0.294480001615399,0.4476039000840877,-0.0009909108968924052,0.33861944682371536,-0.30666861778612153,-0.716931777726608,-0.28674303056200356,-0.5793785195638799,-0.9160431570730632,0.16313213608753152,0.2519435317837848,-0.3761737851147269,0.680662672934123,-0.45078817685567807,-0.633430856823245,-0.30455265483901073,0.8544772439991566,0.25952520872924945,-0.41043363928296084,0.31422871561695453,-0.6341576019271988,-0.4173698054519104,-0.43180944960437184,-0.4530941548999001,0.8261432225695562,0.4463733452384788,-0.552312707358035,0.9757831063128481,0.8498556112261806,0.486780217231938,-0.5170160376581152,0.24755292838671328,0.21336105688578133,0.25344989509211024,-0.5664707981366028,-0.26699458562485345,-0.3946804355832545,0.44806328807243156,-0.911766986375182,-0.9310905524937247,-0.097171055442129,0.015322557333776299,0.08794167315237145,-0.552190021241354,0.6347226559066537,0.205691893817592,0.2171946238001603,-0.031377363982962425,0.9324844449157039,-0.3490676298921831,-0.20470656025782463,0.007458668954412273,0.652135824747603,0.21877265495771692,-0.32679077669371726,0.4288251406154817,-0.7332930500389232,0.016121859387501436,-0.8395394128142286,-0.8501600823016555,-0.4751688989643683,-0.08188011241589654,-0.23717326334392808,0.2678470991195263,0.4582633219835257,-0.5890932443956882,0.049105622441375285,-0.7515823123455165,0.3494400186459987,-0.1723070819978494,0.8652406446356435,0.4730075790511119,0.22235584610493575,-0.7449466730264955,0.7212668521503685,-0.502243112351727,-0.26650859382259506,0.7610839613790219,0.883741397189604,0.328304703258266,0.9320912780154611,-0.372612809344937,0.07477094373217907,-0.9849234318348601,0.7791137992209425,0.9159510144926859,-0.3785264426719541,-0.6675056054588908,0.25619275304324596,-0.3361277858963927,-0.43713737643108663,0.8997760841755,0.37632279870787744,-0.30190561679861583,0.9443710673625445,-0.8702659319307988,0.2595831672367961,-0.40654949347829095,-0.2400095050960105,-0.43561996895522226,-0.952184154408267,-0.7269359787565104,0.9170378565899457,0.5283511937429115,-0.4942756449645431,0.17180700482482592,0.7574375510179463,0.5221703863033371,0.8940787613562615,0.9246396561275381,-0.5035210945305049,0.6042700368954208,0.44988457294787043,-0.22975887598107647,0.011037511768003494,-0.1269209216027556,0.21065554766138028,-0.26714394637217875,-0.04815813267277047,0.0997752498297666,0.9777923143058622,0.1284648440699363,0.23227074269368075,0.5667094587379262,0.9384073688373182,0.5920600304667372,0.1696606221847483,0.8328798799268515,-0.9748716256770973,0.3773192717672671,0.436752937576272,-0.0161442152120419,0.1157114418733114,-0.7539613611269698,0.2567864359306711,-0.06346667264225037,-0.6208420657093083,-0.8131571752660607,0.7930759636725631,-0.38500488588261406,0.1741809440926625,-0.10115685500061744,0.3246713617902395,0.6832127510666408,0.31374323431782414,-0.5761301378195594,0.6831880516242359,0.30836054350545816,0.27028689660153304,-0.4965372131860075,-0.7739971358747593,0.8367454610024936,0.8647527430663899,0.6788540982065365,0.17216512054678246,0.7759077921201192
52.51590875656392,-0.33117696755811776,0.37858547978391877,0.5871253036697108,-0.7267681751773669,0.08350545598153625,0.030075503347994026,-0.699194475210065,-0.7907879280452996,-0.7275881638490489,0.9372754947624178,-0.042374934435069456,0.8816512572189716,-0.9688461048710657,0.0527050403364564,0.4004309711197731,0.43903425194627754,-0.06746542692174651,0.7641971024228602,0.022481132935671777,-0.4547447298876002,-0.991742680745364,-0.8942885888248906,-0.5304883826086011,0.22914018116265988,-0.07402994594121237,-0.22934422705930224,-0.18693053874291343,-0.6080930350074953,-0.47102954457914614,-0.25241512683248746,0.5893738665249644,0.4938116554976639,-0.6344306487944205,0.6722990066283567,0.10389184557199993,-0.21273723237944986,0.7725725053347552,0.046913842430652775,-0.2590189555316633,-0.42918164204460885,-0.20691855197570685,-0.5121118142113859,0.1561236472829335,-0.9759779496274623,-0.5190497752854921,-0.022438636417898117,0.4896151394125816,0.35313092496776743,0.07892681635857923,-0.357885415530647,-0.5254051757918319,-0.6257022564393888,-0.5235513500216369,0.4397794648252151,0.6762660755846595,-0.4703553634940332,0.19594748760057445,0.8054385394639412,0.7911105973319856,-0.6124577156139501,0.7628228011082971,-0.7821644542720179,-0.27693726900994675,0.7035431988715386,-0.3467067847297467,-0.19979827796276473,0.5156719833485031,0.8841284468831949,-0.9870433266460517,0.568896648211731,-0.7301645334120201,0.7570555753635708,0.6782600405385231,-0.2808863195238658,-0.4234104701527126,-0.9431085358171241,0.9239555457805115,-0.6946290662065193,-0.0482669378070002,0.2925131284813669,0.5788981636472987,0.9763064466934548,0.08741002719216939,-0.6296483603855567,0.4335042856096998,0.3676443969869254,-0.17741679358486562,0.798573640482882,-0.5839302945479625,0.14345290471087813,-0.765708898268916,0.3459624189148953,-0.6895126256376516,0.4900009814523114,-0.4420899073282407,-0.11188879409402075,0.9150262754903182,-0.6925021025635534,-0.15311916390543256,-0.8616619078994092,-0.8782214684190894,-0.6229366076685419,-0.35574181874707667,0.5814670228426353,0.09389889045872435,-0.29905529035659173,0.5216714675977312,-0.2657533034302255,0.1410633121683711,-0.294480001615399,0.4476039000840877,-0.0009909108968924052,0.33861944682371536,-0.30666861778612153,-0.716931777726608,-0.28674303056200356,-0.5793785195638799,-0.9160431570730632,0.16313213608753152,0.2519435317837848,-0.3761737851147269,0.680662672934123,-0.45078817685567807,-0.633430856823245,-0.30455265483901073,0.8544772439991566,0.25952520872924945,-0.41043363928296084,0.31422871561695453,-0.6341576019271988,-0.4173698054519104,-0.43180944960437184,-0.4530941548999001,0.8261432225695562,0.4463733452384788,-0.552312707358035,0.9757831063128481,0.8498556112261806,0.486780217231938,-0.5170160376581152,0.24755292838671328,0.21336105688578133,0.25344989509211024,-0.5664707981366028,-0.26699458562485345,-0.3946804355832545,0.44806328807243156,-0.911766986375182,-0.9310905524937247,-0.097171055442129,0.015322557333776299,0.08794167315237145,-0.552190021241354,0.6347226559066537,0.205691893817592,0.2171946238001603,-0.031377363982962425,0.9324844449157039,-0.3490676298921831,-0.20470656025782463,0.007458668954412273,0.652135824747603,0.21877265495771692,-0.32679077669371726,0.4288251406154817,-0.7332930500389232,0.016121859387501436,-0.8395394128142286,-0.8501600823016555,-0.4751688989643683,-0.08188011241589654,-0.23717326334392808,0.2678470991195263,0.4582633219835257,-0.5890932443956882,0.049105622441375285,-0.7515823123455165,0.3494400186459987,-0.1723070819978494,0.8652406446356435,0.4730075790511119,0.22235584610493575,-0.7449466730264955,0.7212668521503685,-0.502243112351727,-0.26650859382259506,0.7610839613790219,0.883741397189604,0.328304703258266,0.9320912780154611,-0.372612809344937,0.07477094373217907,-0.9849234318348601,0.7791137992209425,0.9159510144926859,-0.3785264426719541,-0.6675056054588908,0.25619275304324596,-0.3361277858963927,-0.43713737643108663,0.8997760841755,0.37632279870787744,-0.30190561679861583,0.9443710673625445,-0.8702659319307988,0.2595831672367961,-0.40654949347829095,-0.2400095050960105,-0.43561996895522226,-0.952184154408267,-0.7269359787565104,0.9170378565899457,0.5283511937429115,-0.4942756449645431,0.17180700482482592,0.7574375510179463,0.5221703863033371,0.8940787613562615,0.9246396561275381,-0.5035210945305049,0.6042700368954208,0.44988457294787043,-0.22975887598107647,0.011037511768003494,-0.1269209216027556,0.21065554766138028,-0.26714394637217875,-0.04815813267277047,0.0997752498297666,0.9777923143058622,0.1284648440699363,0.23227074269368075,0.5667094587379262,0.9384073688373182,0.5920600304667372,0.1696606221847483,0.8328798799268515,-0.9748716256770973,0.3773192717672671,0.436752937576272,-0.0161442152120419,0.1157114418733114,-0.7539613611269698,0.2567864359306711,-0.06346667264225037,-0.6208420657093083,-0.8131571752660607,0.7930759636725631,-0.38500488588261406,0.1741809440926625,-0.10115685500061744,0.3246713617902395,0.6832127510666408,0.31374323431782414,-0.5761301378195594,0.6831880516242359,0.30836054350545816,0.27028689660153304,-0.4965372131860075,-0.7739971358747593,0.8367454610024936,0.8647527430663899,0.6788540982065365,0.17216512054678246,0.7759077921201192
52.51590875656392,-0.33117696755811776,0.37858547978391877,0.5871253036697108,-0.7267681751773669,0.08350545598153625,0.030075503347994026,-0.699194475210065,-0.7907879280452996,-0.7275881638490489,0.9372754947624178,-0.042374934435069456,0.8816512572189716,-0.9688461048710657,0.0527050403364564,0.4004309711197731,0.43903425194627754,-0.06746542692174651,0.7641971024228602,0.022481132935671777,-0.4547447298876002,-0.991742680745364,-0.8942885888248906,-0.5304883826086011,0.22914018116265988,-0.07402994594121237,-0.22934422705930224,-0.18693053874291343,-0.6080930350074953,-0.47102954457914614,-0.25241512683248746,0.5893738665249644,0.4938116554976639,-0.6344306487944205,0.6722990066283567,0.10389184557199993,-0.21273723237944986,0.7725725053347552,0.046913842430652775,-0.2590189555316633,-0.42918164204460885,-0.20691855197570685,-0.5121118142113859,0.1561236472829335,-0.9759779496274623,-0.5190497752854921,-0.022438636417898117,0.4896151394125816,0.35313092496776743,0.07892681635857923,-0.357885415530647,-0.5254051757918319,-0.6257022564393888,-0.5235513500216369,0.4397794648252151,0.6762660755846595,-0.4703553634940332,0.19594748760057445,0.8054385394639412,0.7911105973319856,-0.6124577156139501,0.7628228011082971,-0.7821644542720179,-0.27693726900994675,0.7035431988715386,-0.3467067847297467,-0.19979827796276473,0.5156719833485031,0.8841284468831949,-0.9870433266460517,0.568896648211731,-0.7301645334120201,0.7570555753635708,0.6782600405385231,-0.2808863195238658,-0.4234104701527126,-0.9431085358171241,0.9239555457805115,-0.6946290662065193,-0.0482669378070002,0.2925131284813669,0.5788981636472987,0.9763064466934548,0.08741002719216939,-0.6296483603855567,0.4335042856096998,0.3676443969869254,-0.17741679358486562,0.798573640482882,-0.5839302945479625,0.14345290471087813,-0.765708898268916,0.3459624189148953,-0.6895126256376516,0.4900009814523114,-0.4420899073282407,-0.11188879409402075,0.9150262754903182,-0.6925021025635534,-0.15311916390543256,-0.8616619078994092,-0.8782214684190894,-0.6229366076685419,-0.35574181874707667,0.5814670228426353,0.09389889045872435,-0.29905529035659173,0.5216714675977312,-0.2657533034302255,0.1410633121683711,-0.294480001615399,0.4476039000840877,-0.0009909108968924052,0.33861944682371536,-0.30666861778612153,-0.716931777726608,-0.28674303056200356,-0.5793785195638799,-0.9160431570730632,0.16313213608753152,0.2519435317837848,-0.3761737851147269,0.680662672934123,-0.45078817685567807,-0.633430856823245,-0.30455265483901073,0.8544772439991566,0.25952520872924945,-0.41043363928296084,0.31422871561695453,-0.6341576019271988,-0.4173698054519104,-0.43180944960437184,-0.4530941548999001,0.8261432225695562,0.4463733452384788,-0.552312707358035,0.9757831063128481,0.8498556112261806,0.486780217231938,-0.5170160376581152,0.24755292838671328,0.21336105688578133,0.25344989509211024,-0.5664707981366028,-0.26699458562485345,-0.3946804355832545,0.44806328807243156,-0.911766986375182,-0.9310905524937247,-0.097171055442129,0.015322557333776299,0.08794167315237145,-0.552190021241354,0.6347226559066537,0.205691893817592,0.2171946238001603,-0.031377363982962425,0.9324844449157039,-0.3490676298921831,-0.20470656025782463,0.007458668954412273,0.652135824747603,0.21877265495771692,-0.32679077669371726,0.4288251406154817,-0.7332930500389232,0.016121859387501436,-0.8395394128142286,-0.8501600823016555,-0.4751688989643683,-0.08188011241589654,-0.23717326334392808,0.2678470991195263,0.4582633219835257,-0.5890932443956882,0.049105622441375285,-0.7515823123455165,0.3494400186459987,-0.1723070819978494,0.8652406446356435,0.4730075790511119,0.22235584610493575,-0.7449466730264955,0.7212668521503685,-0.502243112351727,-0.26650859382259506,0.7610839613790219,0.883741397189604,0.328304703258266,0.9320912780154611,-0.372612809344937,0.07477094373217907,-0.9849234318348601,0.7791137992209425,0.9159510144926859,-0.3785264426719541,-0.6675056054588908,0.25619275304324596,-0.3361277858963927,-0.43713737643108663,0.8997760841755,0.37632279870787744,-0.30190561679861583,0.9443710673625445,-0.8702659319307988,0.2595831672367961,-0.40654949347829095,-0.2400095050960105,-0.43561996895522226,-0.952184154408267,-0.7269359787565104,0.9170378565899457,0.5283511937429115,-0.4942756449645431,0.17180700482482592,0.7574375510179463,0.5221703863033371,0.8940787613562615,0.9246396561275381,-0.5035210945305049,0.6042700368954208,0.44988457294787043,-0.22975887598107647,0.011037511768003494,-0.1269209216027556,0.21065554766138028,-0.26714394637217875,-0.04815813267277047,0.0997752498297666,0.9777923143058622,0.1284648440699363,0.23227074269368075,0.5667094587379262,0.9384073688373182,0.5920600304667372,0.1696606221847483,0.8328798799268515,-0.9748716256770973,0.3773192717672671,0.436752937576272,-0.0161442152120419,0.1157114418733114,-0.7539613611269698,0.2567864359306711,-0.06346667264225037,-0.6208420657093083,-0.8131571752660607,0.7930759636725631,-0.38500488588261406,0.1741809440926625,-0.10115685500061744,0.3246713617902395,0.6832127510666408,0.31374323431782414,-0.5761301378195594,0.6831880516242359,0.30836054350545816,0.27028689660153304,-0.4965372131860075,-0.7739971358747593,0.8367454610024936,0.8647527430663899,0.6788540982065365,0.17216512054678246,0.7759077921201192
54.07328386216878,-0.33117696755811776,0.37858547978391877,0.5871253036697108,-0.7267681751773669,0.08350545598153625,0.030075503347994026,-0.699194475210065,-0.7907879280452996,-0.7275881638490489,0.9372754947624178,-0.042374934435069456,0.8816512572189716,-0.9688461048710657,0.0527050403364564,0.4004309711197731,0.43903425194627754,-0.06746542692174651,0.7641971024228602,0.022481132935671777,-0.4547447298876002,-0.991742680745364,-0.8942885888248906,-0.5304883826086011,0.22914018116265988,-0.07402994594121237,-0.22934422705930224,-0.18693053874291343,-0.6080930350074953,-0.47102954457914614,-0.25241512683248746,0.5893738665249644,0.09897958994345935,-0.6344306487944205,0.6722990066283567,0.10389184557199993,-0.21273723237944986,0.7725725053347552,0.046913842430652775,-0.2590189555316633,-0.42918164204460885,-0.20691855197570685,-0.5121118142113859,0.1561236472829335,-0.9759779496274623,-0.5190497752854921,-0.022438636417898117,0.4896151394125816,0.35313092496776743,0.07892681635857923,-0.357885415530647,-0.5254051757918319,-0.6257022564393888,-0.5235513500216369,0.4397794648252151,0.6762660755846595,-0.4703553634940332,0.19594748760057445,0.8054385394639412,0.7911105973319856,-0.6124577156139501,0.7628228011082971,-0.7821644542720179,-0.27693726900994675,0.7035431988715386,-0.3467067847297467,-0.19979827796276473,0.5156719833485031,0.8841284468831949,-0.9870433266460517,0.568896648211731,-0.7301645334120201,0.7570555753635708,0.6782600405385231,-0.2808863195238658,-0.4234104701527126,-0.9431085358171241,0.9239555457805115,-0.6946290662065193,-0.0482669378070002,0.2925131284813669,0.5788981636472987,0.9763064466934548,0.08741002719216939,-0.6296483603855567,0.4335042856096998,0.3676443969869254,-0.17741679358486562,0.798573640482882,-0.5839302945479625,0.14345290471087813,-0.765708898268916,0.3459624189148953,-0.6895126256376516,0.4900009814523114,-0.4420899073282407,-0.11188879409402075,0.9150262754903182,-0.6925021025635534,-0.15311916390543256,-0.8616619078994092,-0.8782214684190894,-0.6229366076685419,-0.35574181874707667,0.5814670228426353,0.09389889045872435,-0.29905529035659173,0.5216714675977312,-0.2657533034302255,0.1410633121683711,-0.294480001615399,0.4476039000840877,-0.0009909108968924052,0.33861944682371536,-0.30666861778612153,-0.716931777726608,-0.28674303056200356,-0.5793785195638799,-0.9160431570730632,0.16313213608753152,0.2519435317837848,-0.3761737851147269,0.680662672934123,-0.45078817685567807,-0.633430856823245,-0.30455265483901073,0.8544772439991566,0.25952520872924945,-0.41043363928296084,0.31422871561695453,-0.6341576019271988,-0.4173698054519104,-0.43180944960437184,-0.4530941548999001,0.8261432225695562,0.4463733452384788,-0.552312707358035,0.9757831063128481,0.8498556112261806,0.486780217231938,-0.5170160376581152,0.24755292838671328,0.21336105688578133,0.25344989509211024,-0.5664707981366028,-0.0764055932124259,-0.3946804355832545,0.44806328807243156,-0.911766986375182,-0.9310905524937247,-0.097171055442129,0.015322557333776299,0.08794167315237145,-0.552190021241354,0.6347226559066537,0.205691893817592,0.2171946238001603,-0.031377363982962425,0.9324844449157039,-0.3490676298921831,-0.20470656025782463,0.007458668954412273,0.652135824747603,0.21877265495771692,-0.32679077669371726,0.4288251406154817,-0.7332930500389232,0.016121859387501436,-0.8395394128142286,-0.8501600823016555,-0.4751688989643683,-0.08188011241589654,-0.23717326334392808,0.2678470991195263,0.4582633219835257,-0.5890932443956882,0.049105622441375285,-0.7515823123455165,0.3494400186459987,-0.1723070819978494,0.8652406446356435,0.4730075790511119,0.22235584610493575,-0.7449466730264955,0.7212668521503685,-0.502243112351727,-0.44488830846606264,0.7610839613790219,0.883741397189604,0.328304703258266,0.9320912780154611,-0.372612809344937,0.07477094373217907,-0.9849234318348601,0.7791137992209425,0.9159510144926859,-0.3785264426719541,-0.6675056054588908,0.25619275304324596,-0.3361277858963927,-0.43713737643108663,0.8997760841755,0.37632279870787744,-0.30190561679861583,0.9443710673625445,-0.8702659319307988,0.2595831672367961,-0.40654949347829095,-0.8340207511057081,-0.43561996895522226,-0.952184154408267,-0.7269359787565104,0.9170378565899457,0.5283511937429115,-0.4942756449645431,0.17180700482482592,0.7574375510179463,0.5221703863033371,0.8940787613562615,0.9246396561275381,-0.5035210945305049,0.6042700368954208,0.44988457294787043,-0.22975887598107647,0.011037511768003494,-0.1269209216027556,0.21065554766138028,-0.26714394637217875,-0.04815813267277047,0.0997752498297666,0.9777923143058622,0.1284648440699363,0.23227074269368075,0.5667094587379262,0.9384073688373182,0.5920600304667372,0.1696606221847483,0.8328798799268515,-0.9748716256770973,0.3773192717672671,0.436752937576272,-0.0161442152120419,0.1157114418733114,-0.7539613611269698,0.2567864359306711,-0.06346667264225037,-0.6208420657093083,-0.8131571752660607,0.7930759636725631,-0.38500488588261406,0.1741809440926625,-0.10115685500061744,0.3246713617902395,0.6832127510666408,0.31374323431782414,-0.5761301378195594,0.6831880516242359,0.30836054350545816,0.27028689660153304,-0.4965372131860075,-0.7739971358747593,0.8367454610024936,0.8647527430663899,0.6788540982065365,0.17216512054678246,0.7759077921201192
54.07328386216878,-0.33117696755811776,0.37858547978391877,0.5871253036697108,-0.7267681751773669,0.08350545598153625,0.030075503347994026,-0.699194475210065,-0.7907879280452996,-0.7275881638490489,0.9372754947624178,-0.042374934435069456,0.8816512572189716,-0.9688461048710657,0.0527050403364564,0.4004309711197731,0.43903425194627754,-0.06746542692174651,0.7641971024228602,0.022481132935671777,-0.4547447298876002,-0.991742680745364,-0.8942885888248906,-0.5304883826086011,0.22914018116265988,-0.07402994594121237,-0.22934422705930224,-0.18693053874291343,-0.6080930350074953,-0.47102954457914614,-0.25241512683248746,0.5893738665249644,0.09897958994345935,-0.6344306487944205,0.6722990066283567,0.10389184557199993,-0.21273723237944986,0.7725725053347552,0.046913842430652775,-0.2590189555316633,-0.42918164204460885,-0.20691855197570685,-0.5121118142113859,0.1561236472829335,-0.9759779496274623,-0.5190497752854921,-0.022438636417898117,0.4896151394125816,0.35313092496776743,0.07892681635857923,-0.357885415530647,-0.5254051757918319,-0.6257022564393888,-0.5235513500216369,0.4397794648252151,0.6762660755846595,-0.4703553634940332,0.19594748760057445,0.8054385394639412,0.7911105973319856,-0.6124577156139501,0.7628228011082971,-0.7821644542720179,-0.27693726900994675,0.7035431988715386,-0.3467067847297467,-0.19979827796276473,0.5156719833485031,0.8841284468831949,-0.9870433266460517,0.568896648211731,-0.7301645334120201,0.7570555753635708,0.6782600405385231,-0.2808863195238658,-0.4234104701527126,-0.9431085358171241,0.9239555457805115,-0.6946290662065193,-0.0482669378070002,0.2925131284813669,0.5788981636472987,0.9763064466934548,0.08741002719216939,-0.6296483603855567,0.4335042856096998,0.3676443969869254,-0.17741679358486562,0.798573640482882,-0.5839302945479625,0.14345290471087813,-0.765708898268916,0.3459624189148953,-0.6895126256376516,0.4900009814523114,-0.4420899073282407,-0.11188879409402075,0.9150262754903182,-0.6925021025635534,-0.15311916390543256,-0.8616619078994092,-0.8782214684190894,-0.6229366076685419,-0.35574181874707667,0.5814670228426353,0.09389889045872435,-0.29905529035659173,0.5216714675977312,-0.2657533034302255,0.1410633121683711,-0.294480001615399,0.4476039000840877,-0.0009909108968924052,0.33861944682371536,-0.30666861778612153,-0.716931777726608,-0.28674303056200356,-0.5793785195638799,-0.9160431570730632,0.16313213608753152,0.2519435317837848,-0.3761737851147269,0.680662672934123,-0.45078817685567807,-0.633430856823245,-0.30455265483901073,0.8544772439991566,0.25952520872924945,-0.41043363928296084,0.31422871561695453,-0.6341576019271988,-0.4173698054519104,-0.43180944960437184,-0.4530941548999001,0.8261432225695562,0.4463733452384788,-0.552312707358035,0.9757831063128481,0.8498556112261806,0.486780217231938,-0.5170160376581152,0.24755292838671328,0.21336105688578133,0.25344989509211024,-0.5664707981366028,-0.0764055932124259,-0.3946804355832545,0.44806328807243156,-0.911766986375182,-0.9310905524937247,-0.097171055442129,0.015322557333776299,0.08794167315237145,-0.552190021241354,0.6347226559066537,0.205691893817592,0.2171946238001603,-0.031377363982962425,0.9324844449157039,-0.3490676298921831,-0.20470656025782463,0.007458668954412273,0.652135824747603,0.21877265495771692,-0.32679077669371726,0.4288251406154817,-0.7332930500389232,0.016121859387501436,-0.8395394128142286,-0.8501600823016555,-0.4751688989643683,-0.08188011241589654,-0.23717326334392808,0.2678470991195263,0.4582633219835257,-0.5890932443956882,0.049105622441375285,-0.7515823123455165,0.3494400186459987,-0.1723070819978494,0.8652406446356435,0.4730075790511119,0.22235584610493575,-0.7449466730264955,0.7212668521503685,-0.502243112351727,-0.44488830846606264,0.7610839613790219,0.883741397189604,0.328304703258266,0.9320912780154611,-0.372612809344937,0.07477094373217907,-0.9849234318348601,0.7791137992209425,0.9159510144926859,-0.3785264426719541,-0.6675056054588908,0.25619275304324596,-0.3361277858963927,-0.43713737643108663,0.8997760841755,0.37632279870787744,-0.30190561679861583,0.9443710673625445,-0.8702659319307988,0.2595831672367961,-0.40654949347829095,-0.8340207511057081,-0.43561996895522226,-0.952184154408267,-0.7269359787565104,0.9170378565899457,0.5283511937429115,-0.4942756449645431,0.17180700482482592,0.7574375510179463,0.5221703863033371,0.8940787613562615,0.9246396561275381,-0.5035210945305049,0.6042700368954208,0.44988457294787043,-0.22975887598107647,0.011037511768003494,-0.1269209216027556,0.21065554766138028,-0.26714394637217875,-0.04815813267277047,0.0997752498297666,0.9777923143058622,0.1284648440699363,0.23227074269368075,0.5667094587379262,0.9384073688373182,0.5920600304667372,0.1696606221847483,0.8328798799268515,-0.9748716256770973,0.3773192717672671,0.436752937576272,-0.0161442152120419,0.1157114418733114,-0.7539613611269698,0.2567864359306711,-0.06346667264225037,-0.6208420657093083,-0.8131571752660607,0.7930759636725631,-0.38500488588261406,0.1741809440926625,-0.10115685500061744,0.3246713617902395,0.6832127510666408,0.31374323431782414,-0.5761301378195594,0.6831880516242359,0.30836054350545816,0.27028689660153304,-0.4965372131860075,-0.7739971358747593,0.8367454610024936,0.8647527430663899,0.6788540982065365,0.17216512054678246,0.7759077921201192
54.07328386216878,-0.33117696755811776,0.37858547978391877,0.5871253036697108,-0.7267681751773669,0.08350545598153625,0.030075503347994026,-0.699194475210065,-0.7907879280452996,-0.7275881638490489,0.9372754947624178,-0.042374934435069456,0.8816512572189716,-0.9688461048710657,0.0527050403364564,0.4004309711197731,0.43903425194627754,-0.06746542692174651,0.7641971024228602,0.022481132935671777,-0.4547447298876002,-0.991742680745364,-0.8942885888248906,-0.5304883826086011,0.22914018116265988,-0.07402994594121237,-0.22934422705930224,-0.18693053874291343,-0.6080930350074953,-0.47102954457914614,-0.25241512683248746,0.5893738665249644,0.09897958994345935,-0.6344306487944205,0.6722990066283567,0.10389184557199993,-0.21273723237944986,0.7725725053347552,0.046913842430652775,-0.2590189555316633,-0.42918164204460885,-0.20691855197570685,-0.5121118142113859,0.1561236472829335,-0.9759779496274623,-0.5190497752854921,-0.022438636417898117,0.4896151394125816,0.35313092496776743,0.07892681635857923,-0.357885415530647,-0.5254051757918319,-0.6257022564393888,-0.5235513500216369,0.4397794648252151,0.6762660755846595,-0.4703553634940332,0.19594748760057445,0.8054385394639412,0.7911105973319856,-0.6124577156139501,0.7628228011082971,-0.7821644542720179,-0.27693726900994675,0.7035431988715386,-0.3467067847297467,-0.19979827796276473,0.5156719833485031,0.8841284468831949,-0.9870433266460517,0.568896648211731,-0.7301645334120201,0.7570555753635708,0.6782600405385231,-0.2808863195238658,-0.4234104701527126,-0.9431085358171241,0.9239555457805115,-0.6946290662065193,-0.0482669378070002,0.2925131284813669,0.5788981636472987,0.9763064466934548,0.08741002719216939,-0.6296483603855567,0.4335042856096998,0.3676443969869254,-0.17741679358486562,0.798573640482882,-0.5839302945479625,0.14345290471087813,-0.765708898268916,0.3459624189148953,-0.6895126256376516,0.4900009814523114,-0.4420899073282407,-0.11188879409402075,0.9150262754903182,-0.6925021025635534,-0.15311916390543256,-0.8616619078994092,-0.8782214684190894,-0.6229366076685419,-0.35574181874707667,0.5814670228426353,0.09389889045872435,-0.29905529035659173,0.5216714675977312,-0.2657533034302255,0.1410633121683711,-0.294480001615399,0.4476039000840877,-0.0009909108968924052,0.33861944682371536,-0.30666861778612153,-0.716931777726608,-0.28674303056200356,-0.5793785195638799,-0.9160431570730632,0.16313213608753152,0.2519435317837848,-0.3761737851147269,0.680662672934123,-0.45078817685567807,-0.633430856823245,-0.30455265483901073,0.8544772439991566,0.25952520872924945,-0.41043363928296084,0.31422871561695453,-0.6341576019271988,-0.4173698054519104,-0.43180944960437184,-0.4530941548999001,0.8261432225695562,0.4463733452384788,-0.552312707358035,0.9757831063128481,0.8498556112261806,0.486780217231938,-0.5170160376581152,0.24755292838671328,0.21336105688578133,0.25344989509211024,-0.5664707981366028,-0.0764055932124259,-0.3946804355832545,0.44806328807243156,-0.911766986375182,-0.9310905524937247,-0.097171055442129,0.015322557333776299,0.08794167315237145,-0.552190021241354,0.6347226559066537,0.205691893817592,0.2171946238001603,-0.031377363982962425,0.9324844449157039,-0.3490676298921831,-0.20470656025782463,0.007458668954412273,0.652135824747603,0.21877265495771692,-0.32679077669371726,0.4288251406154817,-0.7332930500389232,0.016121859387501436,-0.8395394128142286,-0.8501600823016555,-0.4751688989643683,-0.08188011241589654,-0.23717326334392808,0.2678470991195263,0.4582633219835257,-0.5890932443956882,0.049105622441375285,-0.7515823123455165,0.3494400186459987,-0.1723070819978494,0.8652406446356435,0.4730075790511119,0.22235584610493575,-0.7449466730264955,0.7212668521503685,-0.502243112351727,-0.44488830846606264,0.7610839613790219,0.883741397189604,0.328304703258266,0.9320912780154611,-0.372612809344937,0.07477094373217907,-0.9849234318348601,0.7791137992209425,0.9159510144926859,-0.3785264426719541,-0.6675056054588908,0.25619275304324596,-0.3361277858963927,-0.43713737643108663,0.8997760841755,0.37632279870787744,-0.30190561679861583,0.9443710673625445,-0.8702659319307988,0.2595831672367961,-0.40654949347829095,-0.8340207511057081,-0.43561996895522226,-0.952184154408267,-0.7269359787565104,0.9170378565899457,0.5283511937429115,-0.4942756449645431,0.17180700482482592,0.7574375510179463,0.5221703863033371,0.8940787613562615,0.9246396561275381,-0.5035210945305049,0.6042700368954208,0.44988457294787043,-0.22975887598107647,0.011037511768003494,-0.1269209216027556,0.21065554766138028,-0.26714394637217875,-0.04815813267277047,0.0997752498297666,0.9777923143058622,0.1284648440699363,0.23227074269368075,0.5667094587379262,0.9384073688373182,0.5920600304667372,0.1696606221847483,0.8328798799268515,-0.9748716256770973,0.3773192717672671,0.436752937576272,-0.0161442152120419,0.1157114418733114,-0.7539613611269698,0.2567864359306711,-0.06346667264225037,-0.6208420657093083,-0.8131571752660607,0.7930759636725631,-0.38500488588261406,0.1741809440926625,-0.10115685500061744,0.3246713617902395,0.6832127510666408,0.31374323431782414,-0.5761301378195594,0.6831880516242359,0.30836054350545816,0.27028689660153304,-0.4965372131860075,-0.7739971358747593,0.8367454610024936,0.8647527430663899,0.6788540982065365,0.17216512054678246,0.7759077921201192
54.07328386216878,-0.33117696755811776,0.37858547978391877,0.5871253036697108,-0.7267681751773669,0.08350545598153625,0.030075503347994026,-0.699194475210065,-0.7907879280452996,-0.7275881638490489,0.9372754947624178,-0.042374934435069456,0.8816512572189716,-0.9688461048710657,0.0527050403364564,0.4004309711197731,0.43903425194627754,-0.06746542692174651,0.7641971024228602,0.022481132935671777,-0.4547447298876002,-0.991742680745364,-0.8942885888248906,-0.5304883826086011,0.22914018116265988,-0.07402994594121237,-0.22934422705930224,-0.18693053874291343,-0.6080930350074953,-0.47102954457914614,-0.25241512683248746,0.5893738665249644,0.09897958994345935,-0.6344306487944205,0.6722990066283567,0.10389184557199993,-0.21273723237944986,0.7725725053347552,0.046913842430652775,-0.2590189555316633,-0.42918164204460885,-0.20691855197570685,-0.5121118142113859,0.1561236472829335,-0.9759779496274623,-0.5190497752854921,-0.022438636417898117,0.4896151394125816,0.35313092496776743,0.07892681635857923,-0.357885415530647,-0.5254051757918319,-0.6257022564393888,-0.5235513500216369,0.4397794648252151,0.6762660755846595,-0.4703553634940332,0.19594748760057445,0.8054385394639412,0.7911105973319856,-0.6124577156139501,0.7628228011082971,-0.7821644542720179,-0.27693726900994675,0.7035431988715386,-0.3467067847297467,-0.19979827796276473,0.5156719833485031,0.8841284468831949,-0.9870433266460517,0.568896648211731,-0.7301645334120201,0.7570555753635708,0.6782600405385231,-0.2808863195238658,-0.4234104701527126,-0.9431085358171241,0.9239555457805115,-0.6946290662065193,-0.0482669378070002,0.2925131284813669,0.5788981636472987,0.9763064466934548,0.08741002719216939,-0.6296483603855567,0.4335042856096998,0.3676443969869254,-0.17741679358486562,0.798573640482882,-0.5839302945479625,0.14345290471087813,-0.765708898268916,0.3459624189148953,-0.6895126256376516,0.4900009814523114,-0.4420899073282407,-0.11188879409402075,0.9150262754903182,-0.6925021025635534,-0.15311916390543256,-0.8616619078994092,-0.8782214684190894,-0.6229366076685419,-0.35574181874707667,0.5814670228426353,0.09389889045872435,-0.29905529035659173,0.5216714675977312,-0.2657533034302255,0.1410633121683711,-0.294480001615399,0.4476039000840877,-0.0009909108968924052,0.33861944682371536,-0.30666861778612153,-0.716931777726608,-0.28674303056200356,-0.5793785195638799,-0.9160431570730632,0.16313213608753152,0.2519435317837848,-0.3761737851147269,0.680662672934123,-0.45078817685567807,-0.633430856823245,-0.30455265483901073,0.8544772439991566,0.25952520872924945,-0.41043363928296084,0.31422871561695453,-0.6341576019271988,-0.4173698054519104,-0.43180944960437184,-0.4530941548999001,0.8261432225695562,0.4463733452384788,-0.552312707358035,0.9757831063128481,0.8498556112261806,0.486780217231938,-0.5170160376581152,0.24755292838671328,0.21336105688578133,0.25344989509211024,-0.5664707981366028,-0.0764055932124259,-0.3946804355832545,0.44806328807243156,-0.911766986375182,-0.9310905524937247,-0.097171055442129,0.015322557333776299,0.08794167315237145,-0.552190021241354,0.6347226559066537,0.205691893817592,0.2171946238001603,-0.031377363982962425,0.9324844449157039,-0.3490676298921831,-0.20470656025782463,0.007458668954412273,0.652135824747603,0.21877265495771692,-0.32679077669371726,0.4288251406154817,-0.7332930500389232,0.016121859387501436,-0.8395394128142286,-0.8501600823016555,-0.4751688989643683,-0.08188011241589654,-0.23717326334392808,0.2678470991195263,0.4582633219835257,-0.5890932443956882,0.049105622441375285,-0.7515823123455165,0.3494400186459987,-0.1723070819978494,0.8652406446356435,0.4730075790511119,0.22235584610493575,-0.7449466730264955,0.7212668521503685,-0.502243112351727,-0.44488830846606264,0.7610839613790219,0.883741397189604,0.328304703258266,0.9320912780154611,-0.372612809344937,0.07477094373217907,-0.9849234318348601,0.7791137992209425,0.9159510144926859,-0.3785264426719541,-0.6675056054588908,0.25619275304324596,-0.3361277858963927,-0.43713737643108663,0.8997760841755,0.37632279870787744,-0.30190561679861583,0.9443710673625445,-0.8702659319307988,0.2595831672367961,-0.40654949347829095,-0.8340207511057081,-0.43561996895522226,-0.952184154408267,-0.7269359787565104,0.9170378565899457,0.5283511937429115,-0.4942756449645431,0.17180700482482592,0.7574375510179463,0.5221703863033371,0.8940787613562615,0.9246396561275381,-0.5035210945305049,0.6042700368954208,0.44988457294787043,-0.22975887598107647,0.011037511768003494,-0.1269209216027556,0.21065554766138028,-0.26714394637217875,-0.04815813267277047,0.0997752498297666,0.9777923143058622,0.1284648440699363,0.23227074269368075,0.5667094587379262,0.9384073688373182,0.5920600304667372,0.1696606221847483,0.8328798799268515,-0.9748716256770973,0.3773192717672671,0.436752937576272,-0.0161442152120419,0.1157114418733114,-0.7539613611269698,0.2567864359306711,-0.06346667264225037,-0.6208420657093083,-0.8131571752660607,0.7930759636725631,-0.38500488588261406,0.1741809440926625,-0.10115685500061744,0.3246713617902395,0.6832127510666408,0.31374323431782414,-0.5761301378195594,0.6831880516242359,0.30836054350545816,0.27028689660153304,-0.4965372131860075,-0.7739971358747593,0.8367454610024936,0.8647527430663899,0.6788540982065365,0.17216512054678246,0.7759077921201192
54.3993412329207,0.7022552095377326,0.2503675890870487,0.5871253036697108,0.3080813762890653,-0.15746473280852524,-0.10754056592885419,0.9114690091916804,0.48229745556774617,0.8403407671592618,-0.8238737411538888,0.3169580422377629,-0.7049676727976193,-0.9688461048710657,-0.014596283162207069,-0.5284991594002886,0.43903425194627754,-0.4378813494569458,0.7641971024228602,0.164503017661644,0.6935184301171309,-0.991742680745364,-0.4692757020594003,-0.08492692901327281,0.3047956340045337,0.14847236161635902,-0.35854128270122,-0.9511210001261485,-0.774029293978884,0.5111368471486821,-0.5626607540371076,0.5893738665249644,-0.16630588637721333,-0.6447211839108462,0.6654224625834093,0.30345498495951406,-0.21273723237944986,-0.2992161070908139,0.046913842430652775,0.7685423706544459,-0.5653837705965821,-0.6780596266016512,-0.4851664699973459,-0.9982826559079361,-0.9970477696457396,0.5240761519690176,-0.8798503361071175,0.4896151394125816,-0.1992236736363031,-0.1705764117167794,-0.3124896557386261,-0.447747824804148,0.2010693243491577,0.18714623898592864,0.9473626345807944,0.842149972831,-0.31340777261183406,-0.03457514679097895,0.8054385394639412,0.7911105973319856,-0.6124577156139501,0.7628228011082971,-0.7821644542720179,-0.3217780455106414,0.7035431988715386,0.5510982703636222,-0.5030209453555394,0.7957500666670239,0.8841284468831949,-0.9870433266460517,-0.7621579298638124,-0.7091710938398108,-0.10298955465178605,0.4638972065238778,0.46869639723813394,0.3915653222794324,0.9141380102563201,0.9239555457805115,-0.39586299256251034,0.6744610463101739,0.2925131284813669,0.36230364316636243,0.10513981607704848,0.5684346143721719,0.3639645989975244,-0.9144111164397042,-0.4110681851172011,-0.20512419605475785,-0.502404209479073,-0.786851716082174,-0.3467090686847025,0.6851572865699329,-0.6758954578196001,-0.6895126256376516,0.44538455573967806,0.48611385832138865,0.9978532471774952,0.3307316244983056,-0.3302917062776365,-0.15311916390543256,0.9888553520070806,-0.8782214684190894,-0.6229366076685419,-0.6798323497872736,-0.252453642410454,0.09389889045872435,-0.4958590242931933,-0.19196711713365544,0.3378251509616359,-0.5542315262061672,0.35041625585286695,0.4476039000840877,0.309906241935316,0.33861944682371536,-0.8248033828392605,0.9060074659873893,-0.5363339118272255,-0.5793785195638799,-0.9050453569531187,0.5684214457496188,0.2519435317837848,0.5232009862669125,0.680662672934123,-0.45078817685567807,0.5013266133809751,-0.11201041824592917,0.8544772439991566,0.25952520872924945,0.23493104830506795,-0.9072456674844611,-0.6341576019271988,-0.4173698054519104,-0.43180944960437184,-0.4530941548999001,0.8261432225695562,0.4463733452384788,-0.552312707358035,0.9757831063128481,0.8498556112261806,0.486780217231938,-0.5170160376581152,0.24755292838671328,0.21336105688578133,0.25344989509211024,-0.5664707981366028,-0.26699458562485345,-0.3946804355832545,0.44806328807243156,-0.911766986375182,-0.9310905524937247,-0.10486668084852035,0.015322557333776299,0.08794167315237145,-0.8007973182410089,0.6347226559066537,0.205691893817592,0.2171946238001603,-0.031377363982962425,0.9324844449157039,-0.3490676298921831,-0.20470656025782463,0.007458668954412273,0.652135824747603,0.21877265495771692,-0.8985099660918614,0.4288251406154817,-0.7332930500389232,0.016121859387501436,-0.8395394128142286,-0.8501600823016555,-0.4751688989643683,-0.08188011241589654,-0.23717326334392808,0.5348227121869353,0.4582633219835257,0.3644995578745136,0.049105622441375285,-0.7515823123455165,0.3494400186459987,-0.37815044923639096,0.8652406446356435,0.4730075790511119,0.22235584610493575,-0.7449466730264955,0.7212668521503685,-0.502243112351727,-0.26650859382259506,0.7610839613790219,0.883741397189604,-0.33530027377518046,0.9320912780154611,-0.372612809344937,0.07477094373217907,-0.9849234318348601,0.7791137992209425,0.9159510144926859,-0.3785264426719541,-0.9967754284399692,-0.9311931832538498,-0.9803966241885975,-0.43713737643108663,0.8997760841755,-0.7382746076680411,0.15046639654004457,0.653059861181301,-0.20957625775828692,0.7043863734209062,0.1570930960219692,-0.03524487350800287,-0.37650364230122024,-0.952184154408267,-0.7269359787565104,0.9170378565899457,0.5283511937429115,-0.4942756449645431,0.17180700482482592,0.49857283837870536,0.5221703863033371,-0.6127641594660149,0.9246396561275381,-0.6398632441762047,0.6042700368954208,0.07132304575640358,0.25447649667417016,0.011037511768003494,0.7856672886489029,0.2839561964351667,0.32789772113842663,-0.21305367227852923,0.5038404182771812,0.9777923143058622,0.04162683761784258,0.2835862922972556,0.5667094587379262,0.6733885397105408,0.5920600304667372,0.1696606221847483,0.5722542942418127,-0.9748716256770973,0.3773192717672671,0.412695783176787,-0.0161442152120419,-0.8496468900930696,0.0046577062970856176,0.2567864359306711,0.37592751721778983,-0.7990419730811356,-0.8914930196132049,-0.16750872354653668,0.09611316688130378,0.24929805053352205,0.06472211106063641,0.4065771473338424,0.6832127510666408,-0.8384517382873742,-0.8457374745178119,0.6831880516242359,-0.7536582637116236,0.039220957181326455,0.9031247991752531,-0.7882987110529753,0.6008518704134418,0.8647527430663899,0.8670729656061495,0.21466928018029385,0.7759077921201192
54.3993412329207,0.7022552095377326,0.2503675890870487,0.5871253036697108,0.3080813762890653,-0.15746473280852524,-0.10754056592885419,0.9114690091916804,0.48229745556774617,0.8403407671592618,-0.8238737411538888,0.3169580422377629,-0.7049676727976193,-0.9688461048710657,-0.014596283162207069,-0.5284991594002886,0.43903425194627754,-0.4378813494569458,0.7641971024228602,0.164503017661644,0.6935184301171309,-0.991742680745364,-0.4692757020594003,-0.08492692901327281,0.3047956340045337,0.14847236161635902,-0.35854128270122,-0.9511210001261485,-0.774029293978884,0.5111368471486821,-0.5626607540371076,0.5893738665249644,-0.16630588637721333,-0.6447211839108462,0.6654224625834093,0.30345498495951406,-0.21273723237944986,-0.2992161070908139,0.046913842430652775,0.7685423706544459,-0.5653837705965821,-0.6780596266016512,-0.4851664699973459,-0.9982826559079361,-0.9970477696457396,0.5240761519690176,-0.8798503361071175,0.4896151394125816,-0.1992236736363031,-0.1705764117167794,-0.3124896557386261,-0.447747824804148,0.2010693243491577,0.18714623898592864,0.9473626345807944,0.842149972831,-0.31340777261183406,-0.03457514679097895,0.8054385394639412,0.7911105973319856,-0.6124577156139501,0.7628228011082971,-0.7821644542720179,-0.3217780455106414,0.7035431988715386,0.5510982703636222,-0.5030209453555394,0.7957500666670239,0.8841284468831949,-0.9870433266460517,-0.7621579298638124,-0.7091710938398108,-0.10298955465178605,0.4638972065238778,0.46869639723813394,0.3915653222794324,0.9141380102563201,0.9239555457805115,-0.39586299256251034,0.6744610463101739,0.2925131284813669,0.36230364316636243,0.10513981607704848,0.5684346143721719,0.3639645989975244,-0.9144111164397042,-0.4110681851172011,-0.20512419605475785,-0.502404209479073,-0.786851716082174,-0.3467090686847025,0.6851572865699329,-0.6758954578196001,-0.6895126256376516,0.44538455573967806,0.48611385832138865,0.9978532471774952,0.3307316244983056,-0.3302917062776365,-0.15311916390543256,0.9888553520070806,-0.8782214684190894,-0.6229366076685419,-0.6798323497872736,-0.252453642410454,0.09389889045872435,-0.4958590242931933,-0.19196711713365544,0.3378251509616359,-0.5542315262061672,0.35041625585286695,0.4476039000840877,0.309906241935316,0.33861944682371536,-0.8248033828392605,0.9060074659873893,-0.5363339118272255,-0.5793785195638799,-0.9050453569531187,0.5684214457496188,0.2519435317837848,0.5232009862669125,0.680662672934123,-0.45078817685567807,0.5013266133809751,-0.11201041824592917,0.8544772439991566,0.25952520872924945,0.23493104830506795,-0.9072456674844611,-0.6341576019271988,-0.4173698054519104,-0.43180944960437184,-0.4530941548999001,0.8261432225695562,0.4463733452384788,-0.552312707358035,0.9757831063128481,0.8498556112261806,0.486780217231938,-0.5170160376581152,0.24755292838671328,0.21336105688578133,0.25344989509211024,-0.5664707981366028,-0.26699458562485345,-0.3946804355832545,0.44806328807243156,-0.911766986375182,-0.9310905524937247,-0.10486668084852035,0.015322557333776299,0.08794167315237145,-0.8007973182410089,0.6347226559066537,0.205691893817592,0.2171946238001603,-0.031377363982962425,0.9324844449157039,-0.3490676298921831,-0.20470656025782463,0.007458668954412273,0.652135824747603,0.21877265495771692,-0.8985099660918614,0.4288251406154817,-0.7332930500389232,0.016121859387501436,-0.8395394128142286,-0.8501600823016555,-0.4751688989643683,-0.08188011241589654,-0.23717326334392808,0.5348227121869353,0.4582633219835257,0.3644995578745136,0.049105622441375285,-0.7515823123455165,0.3494400186459987,-0.37815044923639096,0.8652406446356435,0.4730075790511119,0.22235584610493575,-0.7449466730264955,0.7212668521503685,-0.502243112351727,-0.26650859382259506,0.7610839613790219,0.883741397189604,-0.33530027377518046,0.9320912780154611,-0.372612809344937,0.07477094373217907,-0.9849234318348601,0.7791137992209425,0.9159510144926859,-0.3785264426719541,-0.9967754284399692,-0.9311931832538498,-0.9803966241885975,-0.43713737643108663,0.8997760841755,-0.7382746076680411,0.15046639654004457,0.653059861181301,-0.20957625775828692,0.7043863734209062,0.1570930960219692,-0.03524487350800287,-0.37650364230122024,-0.952184154408267,-0.7269359787565104,0.9170378565899457,0.5283511937429115,-0.4942756449645431,0.17180700482482592,0.49857283837870536,0.5221703863033371,-0.6127641594660149,0.9246396561275381,-0.6398632441762047,0.6042700368954208,0.07132304575640358,0.25447649667417016,0.011037511768003494,0.7856672886489029,0.2839561964351667,0.32789772113842663,-0.21305367227852923,0.5038404182771812,0.9777923143058622,0.04162683761784258,0.2835862922972556,0.5667094587379262,0.6733885397105408,0.5920600304667372,0.1696606221847483,0.5722542942418127,-0.9748716256770973,0.3773192717672671,0.412695783176787,-0.0161442152120419,-0.8496468900930696,0.0046577062970856176,0.2567864359306711,0.37592751721778983,-0.7990419730811356,-0.8914930196132049,-0.16750872354653668,0.09611316688130378,0.24929805053352205,0.06472211106063641,0.4065771473338424,0.6832127510666408,-0.8384517382873742,-0.8457374745178119,0.6831880516242359,-0.7536582637116236,0.039220957181326455,0.9031247991752531,-0.7882987110529753,0.6008518704134418,0.8647527430663899,0.8670729656061495,0.21466928018029385,0.7759077921201192
54.3993412329207,0.7022552095377326,0.2503675890870487,0.5871253036697108,0.3080813762890653,-0.15746473280852524,-0.10754056592885419,0.9114690091916804,0.48229745556774617,0.8403407671592618,-0.8238737411538888,0.3169580422377629,-0.7049676727976193,-0.9688461048710657,-0.014596283162207069,-0.5284991594002886,0.43903425194627754,-0.4378813494569458,0.7641971024228602,0.164503017661644,0.6935184301171309,-0.991742680745364,-0.4692757020594003,-0.08492692901327281,0.3047956340045337,0.14847236161635902,-0.35854128270122,-0.9511210001261485,-0.774029293978884,0.5111368471486821,-0.5626607540371076,0.5893738665249644,-0.16630588637721333,-0.6447211839108462,0.6654224625834093,0.30345498495951406,-0.21273723237944986,-0.2992161070908139,0.046913842430652775,0.7685423706544459,-0.5653837705965821,-0.6780596266016512,-0.4851664699973459,-0.9982826559079361,-0.9970477696457396,0.5240761519690176,-0.8798503361071175,0.4896151394125816,-0.1992236736363031,-0.1705764117167794,-0.3124896557386261,-0.447747824804148,0.2010693243491577,0.18714623898592864,0.9473626345807944,0.842149972831,-0.31340777261183406,-0.03457514679097895,0.8054385394639412,0.7911105973319856,-0.6124577156139501,0.7628228011082971,-0.7821644542720179,-0.3217780455106414,0.7035431988715386,0.5510982703636222,-0.5030209453555394,0.7957500666670239,0.8841284468831949,-0.9870433266460517,-0.7621579298638124,-0.7091710938398108,-0.10298955465178605,0.4638972065238778,0.46869639723813394,0.3915653222794324,0.9141380102563201,0.9239555457805115,-0.39586299256251034,0.6744610463101739,0.2925131284813669,0.36230364316636243,0.10513981607704848,0.5684346143721719,0.3639645989975244,-0.9144111164397042,-0.4110681851172011,-0.20512419605475785,-0.502404209479073,-0.786851716082174,-0.3467090686847025,0.6851572865699329,-0.6758954578196001,-0.6895126256376516,0.44538455573967806,0.48611385832138865,0.9978532471774952,0.3307316244983056,-0.3302917062776365,-0.15311916390543256,0.9888553520070806,-0.8782214684190894,-0.6229366076685419,-0.6798323497872736,-0.252453642410454,0.09389889045872435,-0.4958590242931933,-0.19196711713365544,0.3378251509616359,-0.5542315262061672,0.35041625585286695,0.4476039000840877,0.309906241935316,0.33861944682371536,-0.8248033828392605,0.9060074659873893,-0.5363339118272255,-0.5793785195638799,-0.9050453569531187,0.5684214457496188,0.2519435317837848,0.5232009862669125,0.680662672934123,-0.45078817685567807,0.5013266133809751,-0.11201041824592917,0.8544772439991566,0.25952520872924945,0.23493104830506795,-0.9072456674844611,-0.6341576019271988,-0.4173698054519104,-0.43180944960437184,-0.4530941548999001,0.8261432225695562,0.4463733452384788,-0.552312707358035,0.9757831063128481,0.8498556112261806,0.486780217231938,-0.5170160376581152,0.24755292838671328,0.21336105688578133,0.25344989509211024,-0.5664707981366028,-0.26699458562485345,-0.3946804355832545,0.44806328807243156,-0.911766986375182,-0.9310905524937247,-0.10486668084852035,0.015322557333776299,0.08794167315237145,-0.8007973182410089,0.6347226559066537,0.205691893817592,0.2171946238001603,-0.031377363982962425,0.9324844449157039,-0.3490676298921831,-0.20470656025782463,0.007458668954412273,0.652135824747603,0.21877265495771692,-0.8985099660918614,0.4288251406154817,-0.7332930500389232,0.016121859387501436,-0.8395394128142286,-0.8501600823016555,-0.4751688989643683,-0.08188011241589654,-0.23717326334392808,0.5348227121869353,0.4582633219835257,0.3644995578745136,0.049105622441375285,-0.7515823123455165,0.3494400186459987,-0.37815044923639096,0.8652406446356435,0.4730075790511119,0.22235584610493575,-0.7449466730264955,0.7212668521503685,-0.502243112351727,-0.26650859382259506,0.7610839613790219,0.883741397189604,-0.33530027377518046,0.9320912780154611,-0.372612809344937,0.07477094373217907,-0.9849234318348601,0.7791137992209425,0.9159510144926859,-0.3785264426719541,-0.9967754284399692,-0.9311931832538498,-0.9803966241885975,-0.43713737643108663,0.8997760841755,-0.7382746076680411,0.15046639654004457,0.653059861181301,-0.20957625775828692,0.7043863734209062,0.1570930960219692,-0.03524487350800287,-0.37650364230122024,-0.952184154408267,-0.7269359787565104,0.9170378565899457,0.5283511937429115,-0.4942756449645431,0.17180700482482592,0.49857283837870536,0.5221703863033371,-0.6127641594660149,0.9246396561275381,-0.6398632441762047,0.6042700368954208,0.07132304575640358,0.25447649667417016,0.011037511768003494,0.7856672886489029,0.2839561964351667,0.32789772113842663,-0.21305367227852923,0.5038404182771812,0.9777923143058622,0.04162683761784258,0.2835862922972556,0.5667094587379262,0.6733885397105408,0.5920600304667372,0.1696606221847483,0.5722542942418127,-0.9748716256770973,0.3773192717672671,0.412695783176787,-0.0161442152120419,-0.8496468900930696,0.0046577062970856176,0.2567864359306711,0.37592751721778983,-0.7990419730811356,-0.8914930196132049,-0.16750872354653668,0.09611316688130378,0.24929805053352205,0.06472211106063641,0.4065771473338424,0.6832127510666408,-0.8384517382873742,-0.8457374745178119,0.6831880516242359,-0.7536582637116236,0.039220957181326455,0.9031247991752531,-0.7882987110529753,0.6008518704134418,0.8647527430663899,0.8670729656061495,0.21466928018029385,0.7759077921201192
54.3993412329207,0.7022552095377326,0.2503675890870487,0.5871253036697108,0.3080813762890653,-0.15746473280852524,-0.10754056592885419,0.9114690091916804,0.48229745556774617,0.8403407671592618,-0.8238737411538888,0.3169580422377629,-0.7049676727976193,-0.9688461048710657,-0.014596283162207069,-0.5284991594002886,0.43903425194627754,-0.4378813494569458,0.7641971024228602,0.164503017661644,0.6935184301171309,-0.991742680745364,-0.4692757020594003,-0.08492692901327281,0.3047956340045337,0.14847236161635902,-0.35854128270122,-0.9511210001261485,-0.774029293978884,0.5111368471486821,-0.5626607540371076,0.5893738665249644,-0.16630588637721333,-0.6447211839108462,0.6654224625834093,0.30345498495951406,-0.21273723237944986,-0.2992161070908139,0.046913842430652775,0.7685423706544459,-0.5653837705965821,-0.6780596266016512,-0.4851664699973459,-0.9982826559079361,-0.9970477696457396,0.5240761519690176,-0.8798503361071175,0.4896151394125816,-0.1992236736363031,-0.1705764117167794,-0.3124896557386261,-0.447747824804148,0.2010693243491577,0.18714623898592864,0.9473626345807944,0.842149972831,-0.31340777261183406,-0.03457514679097895,0.8054385394639412,0.7911105973319856,-0.6124577156139501,0.7628228011082971,-0.7821644542720179,-0.3217780455106414,0.7035431988715386,0.5510982703636222,-0.5030209453555394,0.7957500666670239,0.8841284468831949,-0.9870433266460517,-0.7621579298638124,-0.7091710938398108,-0.10298955465178605,0.4638972065238778,0.46869639723813394,0.3915653222794324,0.9141380102563201,0.9239555457805115,-0.39586299256251034,0.6744610463101739,0.2925131284813669,0.36230364316636243,0.10513981607704848,0.5684346143721719,0.3639645989975244,-0.9144111164397042,-0.4110681851172011,-0.20512419605475785,-0.502404209479073,-0.786851716082174,-0.3467090686847025,0.6851572865699329,-0.6758954578196001,-0.6895126256376516,0.44538455573967806,0.48611385832138865,0.9978532471774952,0.3307316244983056,-0.3302917062776365,-0.15311916390543256,0.9888553520070806,-0.8782214684190894,-0.6229366076685419,-0.6798323497872736,-0.252453642410454,0.09389889045872435,-0.4958590242931933,-0.19196711713365544,0.3378251509616359,-0.5542315262061672,0.35041625585286695,0.4476039000840877,0.309906241935316,0.33861944682371536,-0.8248033828392605,0.9060074659873893,-0.5363339118272255,-0.5793785195638799,-0.9050453569531187,0.5684214457496188,0.2519435317837848,0.5232009862669125,0.680662672934123,-0.45078817685567807,0.5013266133809751,-0.11201041824592917,0.8544772439991566,0.25952520872924945,0.23493104830506795,-0.9072456674844611,-0.6341576019271988,-0.4173698054519104,-0.43180944960437184,-0.4530941548999001,0.8261432225695562,0.4463733452384788,-0.552312707358035,0.9757831063128481,0.8498556112261806,0.486780217231938,-0.5170160376581152,0.24755292838671328,0.21336105688578133,0.25344989509211024,-0.5664707981366028,-0.26699458562485345,-0.3946804355832545,0.44806328807243156,-0.911766986375182,-0.9310905524937247,-0.10486668084852035,0.015322557333776299,0.08794167315237145,-0.8007973182410089,0.6347226559066537,0.205691893817592,0.2171946238001603,-0.031377363982962425,0.9324844449157039,-0.3490676298921831,-0.20470656025782463,0.007458668954412273,0.652135824747603,0.21877265495771692,-0.8985099660918614,0.4288251406154817,-0.7332930500389232,0.016121859387501436,-0.8395394128142286,-0.8501600823016555,-0.4751688989643683,-0.08188011241589654,-0.23717326334392808,0.5348227121869353,0.4582633219835257,0.3644995578745136,0.049105622441375285,-0.7515823123455165,0.3494400186459987,-0.37815044923639096,0.8652406446356435,0.4730075790511119,0.22235584610493575,-0.7449466730264955,0.7212668521503685,-0.502243112351727,-0.26650859382259506,0.7610839613790219,0.883741397189604,-0.33530027377518046,0.9320912780154611,-0.372612809344937,0.07477094373217907,-0.9849234318348601,0.7791137992209425,0.9159510144926859,-0.3785264426719541,-0.9967754284399692,-0.9311931832538498,-0.9803966241885975,-0.43713737643108663,0.8997760841755,-0.7382746076680411,0.15046639654004457,0.653059861181301,-0.20957625775828692,0.7043863734209062,0.1570930960219692,-0.03524487350800287,-0.37650364230122024,-0.952184154408267,-0.7269359787565104,0.9170378565899457,0.5283511937429115,-0.4942756449645431,0.17180700482482592,0.49857283837870536,0.5221703863033371,-0.6127641594660149,0.9246396561275381,-0.6398632441762047,0.6042700368954208,0.07132304575640358,0.25447649667417016,0.011037511768003494,0.7856672886489029,0.2839561964351667,0.32789772113842663,-0.21305367227852923,0.5038404182771812,0.9777923143058622,0.04162683761784258,0.2835862922972556,0.5667094587379262,0.6733885397105408,0.5920600304667372,0.1696606221847483,0.5722542942418127,-0.9748716256770973,0.3773192717672671,0.412695783176787,-0.0161442152120419,-0.8496468900930696,0.0046577062970856176,0.2567864359306711,0.37592751721778983,-0.7990419730811356,-0.8914930196132049,-0.16750872354653668,0.09611316688130378,0.24929805053352205,0.06472211106063641,0.4065771473338424,0.6832127510666408,-0.8384517382873742,-0.8457374745178119,0.6831880516242359,-0.7536582637116236,0.039220957181326455,0.9031247991752531,-0.7882987110529753,0.6008518704134418,0.8647527430663899,0.8670729656061495,0.21466928018029385,0.7759077921201192
54.3993412329207,0.7022552095377326,0.2503675890870487,0.5871253036697108,0.3080813762890653,-0.15746473280852524,-0.10754056592885419,0.9114690091916804,0.48229745556774617,0.8403407671592618,-0.8238737411538888,0.3169580422377629,-0.7049676727976193,-0.9688461048710657,-0.014596283162207069,-0.5284991594002886,0.43903425194627754,-0.4378813494569458,0.7641971024228602,0.164503017661644,0.6935184301171309,-0.991742680745364,-0.4692757020594003,-0.08492692901327281,0.3047956340045337,0.14847236161635902,-0.35854128270122,-0.9511210001261485,-0.774029293978884,0.5111368471486821,-0.5626607540371076,0.5893738665249644,-0.16630588637721333,-0.6447211839108462,0.6654224625834093,0.30345498495951406,-0.21273723237944986,-0.2992161070908139,0.046913842430652775,0.7685423706544459,-0.5653837705965821,-0.6780596266016512,-0.4851664699973459,-0.9982826559079361,-0.9970477696457396,0.5240761519690176,-0.8798503361071175,0.4896151394125816,-0.1992236736363031,-0.1705764117167794,-0.3124896557386261,-0.447747824804148,0.2010693243491577,0.18714623898592864,0.9473626345807944,0.842149972831,-0.31340777261183406,-0.03457514679097895,0.8054385394639412,0.7911105973319856,-0.6124577156139501,0.7628228011082971,-0.7821644542720179,-0.3217780455106414,0.7035431988715386,0.5510982703636222,-0.5030209453555394,0.7957500666670239,0.8841284468831949,-0.9870433266460517,-0.7621579298638124,-0.7091710938398108,-0.10298955465178605,0.4638972065238778,0.46869639723813394,0.3915653222794324,0.9141380102563201,0.9239555457805115,-0.39586299256251034,0.6744610463101739,0.2925131284813669,0.36230364316636243,0.10513981607704848,0.5684346143721719,0.3639645989975244,-0.9144111164397042,-0.4110681851172011,-0.20512419605475785,-0.502404209479073,-0.786851716082174,-0.3467090686847025,0.6851572865699329,-0.6758954578196001,-0.6895126256376516,0.44538455573967806,0.48611385832138865,0.9978532471774952,0.3307316244983056,-0.3302917062776365,-0.15311916390543256,0.9888553520070806,-0.8782214684190894,-0.6229366076685419,-0.6798323497872736,-0.252453642410454,0.09389889045872435,-0.4958590242931933,-0.19196711713365544,0.3378251509616359,-0.5542315262061672,0.35041625585286695,0.4476039000840877,0.309906241935316,0.33861944682371536,-0.8248033828392605,0.9060074659873893,-0.5363339118272255,-0.5793785195638799,-0.9050453569531187,0.5684214457496188,0.2519435317837848,0.5232009862669125,0.680662672934123,-0.45078817685567807,0.5013266133809751,-0.11201041824592917,0.8544772439991566,0.25952520872924945,0.23493104830506795,-0.9072456674844611,-0.6341576019271988,-0.4173698054519104,-0.43180944960437184,-0.4530941548999001,0.8261432225695562,0.4463733452384788,-0.552312707358035,0.9757831063128481,0.8498556112261806,0.486780217231938,-0.5170160376581152,0.24755292838671328,0.21336105688578133,0.25344989509211024,-0.5664707981366028,-0.26699458562485345,-0.3946804355832545,0.44806328807243156,-0.911766986375182,-0.9310905524937247,-0.10486668084852035,0.015322557333776299,0.08794167315237145,-0.8007973182410089,0.6347226559066537,0.205691893817592,0.2171946238001603,-0.031377363982962425,0.9324844449157039,-0.3490676298921831,-0.20470656025782463,0.007458668954412273,0.652135824747603,0.21877265495771692,-0.8985099660918614,0.4288251406154817,-0.7332930500389232,0.016121859387501436,-0.8395394128142286,-0.8501600823016555,-0.4751688989643683,-0.08188011241589654,-0.23717326334392808,0.5348227121869353,0.4582633219835257,0.3644995578745136,0.049105622441375285,-0.7515823123455165,0.3494400186459987,-0.37815044923639096,0.8652406446356435,0.4730075790511119,0.22235584610493575,-0.7449466730264955,0.7212668521503685,-0.502243112351727,-0.26650859382259506,0.7610839613790219,0.883741397189604,-0.33530027377518046,0.9320912780154611,-0.372612809344937,0.07477094373217907,-0.9849234318348601,0.7791137992209425,0.9159510144926859,-0.3785264426719541,-0.9967754284399692,-0.9311931832538498,-0.9803966241885975,-0.43713737643108663,0.8997760841755,-0.7382746076680411,0.15046639654004457,0.653059861181301,-0.20957625775828692,0.7043863734209062,0.1570930960219692,-0.03524487350800287,-0.37650364230122024,-0.952184154408267,-0.7269359787565104,0.9170378565899457,0.5283511937429115,-0.4942756449645431,0.17180700482482592,0.49857283837870536,0.5221703863033371,-0.6127641594660149,0.9246396561275381,-0.6398632441762047,0.6042700368954208,0.07132304575640358,0.25447649667417016,0.011037511768003494,0.7856672886489029,0.2839561964351667,0.32789772113842663,-0.21305367227852923,0.5038404182771812,0.9777923143058622,0.04162683761784258,0.2835862922972556,0.5667094587379262,0.6733885397105408,0.5920600304667372,0.1696606221847483,0.5722542942418127,-0.9748716256770973,0.3773192717672671,0.412695783176787,-0.0161442152120419,-0.8496468900930696,0.0046577062970856176,0.2567864359306711,0.37592751721778983,-0.7990419730811356,-0.8914930196132049,-0.16750872354653668,0.09611316688130378,0.24929805053352205,0.06472211106063641,0.4065771473338424,0.6832127510666408,-0.8384517382873742,-0.8457374745178119,0.6831880516242359,-0.7536582637116236,0.039220957181326455,0.9031247991752531,-0.7882987110529753,0.6008518704134418,0.8647527430663899,0.8670729656061495,0.21466928018029385,0.7759077921201192
54.3993412329207,0.7022552095377326,0.2503675890870487,0.5871253036697108,0.3080813762890653,-0.15746473280852524,-0.10754056592885419,0.9114690091916804,0.48229745556774617,0.8403407671592618,-0.8238737411538888,0.3169580422377629,-0.7049676727976193,-0.9688461048710657,-0.014596283162207069,-0.5284991594002886,0.43903425194627754,-0.4378813494569458,0.7641971024228602,0.164503017661644,0.6935184301171309,-0.991742680745364,-0.4692757020594003,-0.08492692901327281,0.3047956340045337,0.14847236161635902,-0.35854128270122,-0.9511210001261485,-0.774029293978884,0.5111368471486821,-0.5626607540371076,0.5893738665249644,-0.16630588637721333,-0.6447211839108462,0.6654224625834093,0.30345498495951406,-0.21273723237944986,-0.2992161070908139,0.046913842430652775,0.7685423706544459,-0.5653837705965821,-0.6780596266016512,-0.4851664699973459,-0.9982826559079361,-0.9970477696457396,0.5240761519690176,-0.8798503361071175,0.4896151394125816,-0.1992236736363031,-0.1705764117167794,-0.3124896557386261,-0.447747824804148,0.2010693243491577,0.18714623898592864,0.9473626345807944,0.842149972831,-0.31340777261183406,-0.03457514679097895,0.8054385394639412,0.7911105973319856,-0.6124577156139501,0.7628228011082971,-0.7821644542720179,-0.3217780455106414,0.7035431988715386,0.5510982703636222,-0.5030209453555394,0.7957500666670239,0.8841284468831949,-0.9870433266460517,-0.7621579298638124,-0.7091710938398108,-0.10298955465178605,0.4638972065238778,0.46869639723813394,0.3915653222794324,0.9141380102563201,0.9239555457805115,-0.39586299256251034,0.6744610463101739,0.2925131284813669,0.36230364316636243,0.10513981607704848,0.5684346143721719,0.3639645989975244,-0.9144111164397042,-0.4110681851172011,-0.20512419605475785,-0.502404209479073,-0.786851716082174,-0.3467090686847025,0.6851572865699329,-0.6758954578196001,-0.6895126256376516,0.44538455573967806,0.48611385832138865,0.9978532471774952,0.3307316244983056,-0.3302917062776365,-0.15311916390543256,0.9888553520070806,-0.8782214684190894,-0.6229366076685419,-0.6798323497872736,-0.252453642410454,0.09389889045872435,-0.4958590242931933,-0.19196711713365544,0.3378251509616359,-0.5542315262061672,0.35041625585286695,0.4476039000840877,0.309906241935316,0.33861944682371536,-0.8248033828392605,0.9060074659873893,-0.5363339118272255,-0.5793785195638799,-0.9050453569531187,0.5684214457496188,0.2519435317837848,0.5232009862669125,0.680662672934123,-0.45078817685567807,0.5013266133809751,-0.11201041824592917,0.8544772439991566,0.25952520872924945,0.23493104830506795,-0.9072456674844611,-0.6341576019271988,-0.4173698054519104,-0.43180944960437184,-0.4530941548999001,0.8261432225695562,0.4463733452384788,-0.552312707358035,0.9757831063128481,0.8498556112261806,0.486780217231938,-0.5170160376581152,0.24755292838671328,0.21336105688578133,0.25344989509211024,-0.5664707981366028,-0.26699458562485345,-0.3946804355832545,0.44806328807243156,-0.911766986375182,-0.9310905524937247,-0.10486668084852035,0.015322557333776299,0.08794167315237145,-0.8007973182410089,0.6347226559066537,0.205691893817592,0.2171946238001603,-0.031377363982962425,0.9324844449157039,-0.3490676298921831,-0.20470656025782463,0.007458668954412273,0.652135824747603,0.21877265495771692,-0.8985099660918614,0.4288251406154817,-0.7332930500389232,0.016121859387501436,-0.8395394128142286,-0.8501600823016555,-0.4751688989643683,-0.08188011241589654,-0.23717326334392808,0.5348227121869353,0.4582633219835257,0.3644995578745136,0.049105622441375285,-0.7515823123455165,0.3494400186459987,-0.37815044923639096,0.8652406446356435,0.4730075790511119,0.22235584610493575,-0.7449466730264955,0.7212668521503685,-0.502243112351727,-0.26650859382259506,0.7610839613790219,0.883741397189604,-0.33530027377518046,0.9320912780154611,-0.372612809344937,0.07477094373217907,-0.9849234318348601,0.7791137992209425,0.9159510144926859,-0.3785264426719541,-0.9967754284399692,-0.9311931832538498,-0.9803966241885975,-0.43713737643108663,0.8997760841755,-0.7382746076680411,0.15046639654004457,0.653059861181301,-0.20957625775828692,0.7043863734209062,0.1570930960219692,-0.03524487350800287,-0.37650364230122024,-0.952184154408267,-0.7269359787565104,0.9170378565899457,0.5283511937429115,-0.4942756449645431,0.17180700482482592,0.49857283837870536,0.5221703863033371,-0.6127641594660149,0.9246396561275381,-0.6398632441762047,0.6042700368954208,0.07132304575640358,0.25447649667417016,0.011037511768003494,0.7856672886489029,0.2839561964351667,0.32789772113842663,-0.21305367227852923,0.5038404182771812,0.9777923143058622,0.04162683761784258,0.2835862922972556,0.5667094587379262,0.6733885397105408,0.5920600304667372,0.1696606221847483,0.5722542942418127,-0.9748716256770973,0.3773192717672671,0.412695783176787,-0.0161442152120419,-0.8496468900930696,0.0046577062970856176,0.2567864359306711,0.37592751721778983,-0.7990419730811356,-0.8914930196132049,-0.16750872354653668,0.09611316688130378,0.24929805053352205,0.06472211106063641,0.4065771473338424,0.6832127510666408,-0.8384517382873742,-0.8457374745178119,0.6831880516242359,-0.7536582637116236,0.039220957181326455,0.9031247991752531,-0.7882987110529753,0.6008518704134418,0.8647527430663899,0.8670729656061495,0.21466928018029385,0.7759077921201192
54.3993412329207,0.7022552095377326,0.2503675890870487,0.5871253036697108,0.3080813762890653,-0.15746473280852524,-0.10754056592885419,0.9114690091916804,0.48229745556774617,0.8403407671592618,-0.8238737411538888,0.3169580422377629,-0.7049676727976193,-0.9688461048710657,-0.014596283162207069,-0.5284991594002886,0.43903425194627754,-0.4378813494569458,0.7641971024228602,0.164503017661644,0.6935184301171309,-0.991742680745364,-0.4692757020594003,-0.08492692901327281,0.3047956340045337,0.14847236161635902,-0.35854128270122,-0.9511210001261485,-0.774029293978884,0.5111368471486821,-0.5626607540371076,0.5893738665249644,-0.16630588637721333,-0.6447211839108462,0.6654224625834093,0.30345498495951406,-0.21273723237944986,-0.2992161070908139,0.046913842430652775,0.7685423706544459,-0.5653837705965821,-0.6780596266016512,-0.4851664699973459,-0.9982826559079361,-0.9970477696457396,0.5240761519690176,-0.8798503361071175,0.4896151394125816,-0.1992236736363031,-0.1705764117167794,-0.3124896557386261,-0.447747824804148,0.2010693243491577,0.18714623898592864,0.9473626345807944,0.842149972831,-0.31340777261183406,-0.03457514679097895,0.8054385394639412,0.7911105973319856,-0.6124577156139501,0.7628228011082971,-0.7821644542720179,-0.3217780455106414,0.7035431988715386,0.5510982703636222,-0.5030209453555394,0.7957500666670239,0.8841284468831949,-0.9870433266460517,-0.7621579298638124,-0.7091710938398108,-0.10298955465178605,0.4638972065238778,0.46869639723813394,0.3915653222794324,0.9141380102563201,0.9239555457805115,-0.39586299256251034,0.6744610463101739,0.2925131284813669,0.36230364316636243,0.10513981607704848,0.5684346143721719,0.3639645989975244,-0.9144111164397042,-0.4110681851172011,-0.20512419605475785,-0.502404209479073,-0.786851716082174,-0.3467090686847025,0.6851572865699329,-0.6758954578196001,-0.6895126256376516,0.44538455573967806,0.48611385832138865,0.9978532471774952,0.3307316244983056,-0.3302917062776365,-0.15311916390543256,0.9888553520070806,-0.8782214684190894,-0.6229366076685419,-0.6798323497872736,-0.252453642410454,0.09389889045872435,-0.4958590242931933,-0.19196711713365544,0.3378251509616359,-0.5542315262061672,0.35041625585286695,0.4476039000840877,0.309906241935316,0.33861944682371536,-0.8248033828392605,0.9060074659873893,-0.5363339118272255,-0.5793785195638799,-0.9050453569531187,0.5684214457496188,0.2519435317837848,0.5232009862669125,0.680662672934123,-0.45078817685567807,0.5013266133809751,-0.11201041824592917,0.8544772439991566,0.25952520872924945,0.23493104830506795,-0.9072456674844611,-0.6341576019271988,-0.4173698054519104,-0.43180944960437184,-0.4530941548999001,0.8261432225695562,0.4463733452384788,-0.552312707358035,0.9757831063128481,0.8498556112261806,0.486780217231938,-0.5170160376581152,0.24755292838671328,0.21336105688578133,0.25344989509211024,-0.5664707981366028,-0.26699458562485345,-0.3946804355832545,0.44806328807243156,-0.911766986375182,-0.9310905524937247,-0.10486668084852035,0.015322557333776299,0.08794167315237145,-0.8007973182410089,0.6347226559066537,0.205691893817592,0.2171946238001603,-0.031377363982962425,0.9324844449157039,-0.3490676298921831,-0.20470656025782463,0.007458668954412273,0.652135824747603,0.21877265495771692,-0.8985099660918614,0.4288251406154817,-0.7332930500389232,0.016121859387501436,-0.8395394128142286,-0.8501600823016555,-0.4751688989643683,-0.08188011241589654,-0.23717326334392808,0.5348227121869353,0.4582633219835257,0.3644995578745136,0.049105622441375285,-0.7515823123455165,0.3494400186459987,-0.37815044923639096,0.8652406446356435,0.4730075790511119,0.22235584610493575,-0.7449466730264955,0.7212668521503685,-0.502243112351727,-0.26650859382259506,0.7610839613790219,0.883741397189604,-0.33530027377518046,0.9320912780154611,-0.372612809344937,0.07477094373217907,-0.9849234318348601,0.7791137992209425,0.9159510144926859,-0.3785264426719541,-0.9967754284399692,-0.9311931832538498,-0.9803966241885975,-0.43713737643108663,0.8997760841755,-0.7382746076680411,0.15046639654004457,0.653059861181301,-0.20957625775828692,0.7043863734209062,0.1570930960219692,-0.03524487350800287,-0.37650364230122024,-0.952184154408267,-0.7269359787565104,0.9170378565899457,0.5283511937429115,-0.4942756449645431,0.17180700482482592,0.49857283837870536,0.5221703863033371,-0.6127641594660149,0.9246396561275381,-0.6398632441762047,0.6042700368954208,0.07132304575640358,0.25447649667417016,0.011037511768003494,0.7856672886489029,0.2839561964351667,0.32789772113842663,-0.21305367227852923,0.5038404182771812,0.9777923143058622,0.04162683761784258,0.2835862922972556,0.5667094587379262,0.6733885397105408,0.5920600304667372,0.1696606221847483,0.5722542942418127,-0.9748716256770973,0.3773192717672671,0.412695783176787,-0.0161442152120419,-0.8496468900930696,0.0046577062970856176,0.2567864359306711,0.37592751721778983,-0.7990419730811356,-0.8914930196132049,-0.16750872354653668,0.09611316688130378,0.24929805053352205,0.06472211106063641,0.4065771473338424,0.6832127510666408,-0.8384517382873742,-0.8457374745178119,0.6831880516242359,-0.7536582637116236,0.039220957181326455,0.9031247991752531,-0.7882987110529753,0.6008518704134418,0.8647527430663899,0.8670729656061495,0.21466928018029385,0.7759077921201192
54.3993412329207,0.7022552095377326,0.2503675890870487,0.5871253036697108,0.3080813762890653,-0.15746473280852524,-0.10754056592885419,0.9114690091916804,0.48229745556774617,0.8403407671592618,-0.8238737411538888,0.3169580422377629,-0.7049676727976193,-0.9688461048710657,-0.014596283162207069,-0.5284991594002886,0.43903425194627754,-0.4378813494569458,0.7641971024228602,0.164503017661644,0.6935184301171309,-0.991742680745364,-0.4692757020594003,-0.08492692901327281,0.3047956340045337,0.14847236161635902,-0.35854128270122,-0.9511210001261485,-0.774029293978884,0.5111368471486821,-0.5626607540371076,0.5893738665249644,-0.16630588637721333,-0.6447211839108462,0.6654224625834093,0.30345498495951406,-0.21273723237944986,-0.2992161070908139,0.046913842430652775,0.7685423706544459,-0.5653837705965821,-0.6780596266016512,-0.4851664699973459,-0.9982826559079361,-0.9970477696457396,0.5240761519690176,-0.8798503361071175,0.4896151394125816,-0.1992236736363031,-0.1705764117167794,-0.3124896557386261,-0.447747824804148,0.2010693243491577,0.18714623898592864,0.9473626345807944,0.842149972831,-0.31340777261183406,-0.03457514679097895,0.8054385394639412,0.7911105973319856,-0.6124577156139501,0.7628228011082971,-0.7821644542720179,-0.3217780455106414,0.7035431988715386,0.5510982703636222,-0.5030209453555394,0.7957500666670239,0.8841284468831949,-0.9870433266460517,-0.7621579298638124,-0.7091710938398108,-0.10298955465178605,0.4638972065238778,0.46869639723813394,0.3915653222794324,0.9141380102563201,0.9239555457805115,-0.39586299256251034,0.6744610463101739,0.2925131284813669,0.36230364316636243,0.10513981607704848,0.5684346143721719,0.3639645989975244,-0.9144111164397042,-0.4110681851172011,-0.20512419605475785,-0.502404209479073,-0.786851716082174,-0.3467090686847025,0.6851572865699329,-0.6758954578196001,-0.6895126256376516,0.44538455573967806,0.48611385832138865,0.9978532471774952,0.3307316244983056,-0.3302917062776365,-0.15311916390543256,0.9888553520070806,-0.8782214684190894,-0.6229366076685419,-0.6798323497872736,-0.252453642410454,0.09389889045872435,-0.4958590242931933,-0.19196711713365544,0.3378251509616359,-0.5542315262061672,0.35041625585286695,0.4476039000840877,0.309906241935316,0.33861944682371536,-0.8248033828392605,0.9060074659873893,-0.5363339118272255,-0.5793785195638799,-0.9050453569531187,0.5684214457496188,0.2519435317837848,0.5232009862669125,0.680662672934123,-0.45078817685567807,0.5013266133809751,-0.11201041824592917,0.8544772439991566,0.25952520872924945,0.23493104830506795,-0.9072456674844611,-0.6341576019271988,-0.4173698054519104,-0.43180944960437184,-0.4530941548999001,0.8261432225695562,0.4463733452384788,-0.552312707358035,0.9757831063128481,0.8498556112261806,0.486780217231938,-0.5170160376581152,0.24755292838671328,0.21336105688578133,0.25344989509211024,-0.5664707981366028,-0.26699458562485345,-0.3946804355832545,0.44806328807243156,-0.911766986375182,-0.9310905524937247,-0.10486668084852035,0.015322557333776299,0.08794167315237145,-0.8007973182410089,0.6347226559066537,0.205691893817592,0.2171946238001603,-0.031377363982962425,0.9324844449157039,-0.3490676298921831,-0.20470656025782463,0.007458668954412273,0.652135824747603,0.21877265495771692,-0.8985099660918614,0.4288251406154817,-0.7332930500389232,0.016121859387501436,-0.8395394128142286,-0.8501600823016555,-0.4751688989643683,-0.08188011241589654,-0.23717326334392808,0.5348227121869353,0.4582633219835257,0.3644995578745136,0.049105622441375285,-0.7515823123455165,0.3494400186459987,-0.37815044923639096,0.8652406446356435,0.4730075790511119,0.22235584610493575,-0.7449466730264955,0.7212668521503685,-0.502243112351727,-0.26650859382259506,0.7610839613790219,0.883741397189604,-0.33530027377518046,0.9320912780154611,-0.372612809344937,0.07477094373217907,-0.9849234318348601,0.7791137992209425,0.9159510144926859,-0.3785264426719541,-0.9967754284399692,-0.9311931832538498,-0.9803966241885975,-0.43713737643108663,0.8997760841755,-0.7382746076680411,0.15046639654004457,0.653059861181301,-0.20957625775828692,0.7043863734209062,0.1570930960219692,-0.03524487350800287,-0.37650364230122024,-0.952184154408267,-0.7269359787565104,0.9170378565899457,0.5283511937429115,-0.4942756449645431,0.17180700482482592,0.49857283837870536,0.5221703863033371,-0.6127641594660149,0.9246396561275381,-0.6398632441762047,0.6042700368954208,0.07132304575640358,0.25447649667417016,0.011037511768003494,0.7856672886489029,0.2839561964351667,0.32789772113842663,-0.21305367227852923,0.5038404182771812,0.9777923143058622,0.04162683761784258,0.2835862922972556,0.5667094587379262,0.6733885397105408,0.5920600304667372,0.1696606221847483,0.5722542942418127,-0.9748716256770973,0.3773192717672671,0.412695783176787,-0.0161442152120419,-0.8496468900930696,0.0046577062970856176,0.2567864359306711,0.37592751721778983,-0.7990419730811356,-0.8914930196132049,-0.16750872354653668,0.09611316688130378,0.24929805053352205,0.06472211106063641,0.4065771473338424,0.6832127510666408,-0.8384517382873742,-0.8457374745178119,0.6831880516242359,-0.7536582637116236,0.039220957181326455,0.9031247991752531,-0.7882987110529753,0.6008518704134418,0.8647527430663899,0.8670729656061495,0.21466928018029385,0.7759077921201192
54.50840771428194,0.9638076609263164,0.17213474064790546,-0.7477241631391003,0.7075434575706767,-0.15746473280852524,0.5010203277755982,0.9114690091916804,0.7178858888530151,-0.8587603873502889,-0.8238737411538888,-0.3967596950592158,-0.5066426001518469,-0.9688461048710657,-0.014596283162207069,-0.5284991594002886,-0.26017503449527535,0.044926228620710607,0.7363380053150916,0.164503017661644,0.6935184301171309,-0.991742680745364,-0.7553063275271086,0.7904548190575267,0.8434278554027048,-0.8381543616030771,-0.32032289328385577,-0.20635535309827624,0.7983565166102671,0.5111368471486821,-0.5626607540371076,0.5893738665249644,-0.16630588637721333,-0.8276671796305992,0.6654224625834093,0.8182341367542576,-0.8623353922863302,-0.19470184891034448,0.7129294350142454,-0.451632358348224,-0.5653837705965821,-0.6780596266016512,-0.8904591679394778,-0.9982826559079361,-0.9970477696457396,0.5240761519690176,-0.5246959349881806,0.8710470564916899,-0.1992236736363031,0.9618757890961618,-0.3124896557386261,-0.10369790626803232,-0.8600775483277923,0.18714623898592864,0.9473626345807944,0.842149972831,-0.31340777261183406,-0.03457514679097895,-0.28110699079702517,0.7911105973319856,-0.6124577156139501,0.7628228011082971,-0.7821644542720179,-0.3217780455106414,0.7035431988715386,0.5510982703636222,-0.2469305337442107,-0.2960179286844462,0.7545606938185057,-0.10517162678119307,0.8188319398941237,-0.611543082642483,0.5261298186038719,0.021071051895337423,0.46869639723813394,0.013285805023643737,0.5095024332625979,0.9239555457805115,-0.7302239396799051,0.6744610463101739,0.77859926675982,0.06242916189202696,0.10513981607704848,-0.15937987742458049,0.7954315907890006,-0.9144111164397042,-0.2453111342039136,-0.17741679358486562,-0.6970930476150641,0.020337122590175394,0.14345290471087813,-0.015195048699850222,0.14539724320163638,-0.6895126256376516,-0.4925485675256631,-0.4351038856891227,0.9978532471774952,0.7843723727824927,0.9664876263430924,-0.14891734283085234,0.9888553520070806,-0.8782214684190894,-0.37637844052847624,-0.564308700124585,-0.20247967908568332,0.09389889045872435,-0.29905529035659173,0.5216714675977312,-0.2657533034302255,-0.15408554501721783,-0.9981919632611591,0.4476039000840877,0.309906241935316,0.09143456787596471,-0.8248033828392605,-0.6757424183256144,-0.8654092012781258,-0.5793785195638799,0.9219374649382059,-0.798393813024588,0.35243959266345315,-0.4971129079954193,-0.4642216504730081,-0.830502707680246,-0.7508186279168156,-0.8853356994412778,0.9835211952626173,-0.20709460426787984,-0.22838652935027248,0.3490730882169144,0.5225690497232485,0.3846788144231965,-0.18620464381868573,-0.17579053851837978,-0.08546826453393486,0.8629533161002607,-0.9289058284903946,0.8251847751742258,-0.4885445025599062,-0.21774474719188341,-0.3789533425803664,-0.5639541260967051,0.17803081458934678,0.15606829958040036,0.4331435675172808,0.284793062734245,-0.36296120659232534,0.19437826139298808,-0.7881558429520723,-0.9141152375450019,-0.4823604285812637,0.19063863729362485,-0.1522338573842672,-0.17209363907018238,0.7143562756059922,0.205691893817592,0.5060802198628498,0.47925787290079347,0.6258989387750642,-0.22758777686957798,0.08136571982082552,0.14893055338306915,-0.32879488193182427,-0.42130625558884294,-0.38603278048605416,0.8379252206875396,0.8121433453403686,0.6019872427547823,0.2830998994156455,-0.4755339233883662,0.49797889093830094,-0.20835377917546705,-0.19044111919885975,-0.3580538725283189,0.7984126393281952,0.5746275881473233,0.5788073624317387,0.5834443208027573,0.19402317855692175,-0.1723070819978494,0.8652406446356435,-0.7762387863486107,-0.5224486071760437,0.1533497480414825,0.31496300041547176,-0.502243112351727,-0.26650859382259506,-0.7350497479132669,-0.9955374005398283,0.9496550539635706,0.7291903553478614,-0.7772516288207283,0.27175951977886004,-0.24433632500528324,0.7791137992209425,-0.24464979049363733,0.05583868171509199,-0.6675056054588908,0.1814821286874997,0.6389824881692425,-0.43713737643108663,0.7920997225129729,-0.7382746076680411,-0.34984695315211134,-0.9707259691340044,-0.8702659319307988,-0.629631089297777,0.1570930960219692,0.5357487923594757,-0.43561996895522226,-0.952184154408267,-0.39638997507280305,0.9170378565899457,0.8213966743254244,-0.4942756449645431,0.6615376708961467,0.7574375510179463,0.5221703863033371,-0.2959757941253116,0.9246396561275381,-0.5035210945305049,0.6042700368954208,0.9343549703985585,-0.22975887598107647,0.011037511768003494,0.39313747983680525,0.2839561964351667,0.32789772113842663,-0.21305367227852923,0.558369971071186,0.9777923143058622,0.04162683761784258,0.23227074269368075,0.5667094587379262,0.9384073688373182,0.5920600304667372,0.1696606221847483,0.8328798799268515,-0.9748716256770973,0.3773192717672671,0.436752937576272,-0.0161442152120419,0.1157114418733114,-0.8776305581221013,-0.8676370237010465,0.25558680640354403,-0.7194552633422202,-0.6843382944298413,0.7930759636725631,-0.19352599656764324,0.388359585632873,-0.10115685500061744,0.6158084797795846,0.6832127510666408,0.4734543933521749,-0.05481390397624786,0.6831880516242359,-0.32561300650502645,0.540207404487465,-0.8980343424925112,0.3366225262044784,0.3523818715034097,0.8647527430663899,0.503817503671911,0.21466928018029385,-0.8675366853411213
54.50840771428194,0.9638076609263164,0.17213474064790546,-0.7477241631391003,0.7075434575706767,-0.15746473280852524,0.5010203277755982,0.9114690091916804,0.7178858888530151,-0.8587603873502889,-0.8238737411538888,-0.3967596950592158,-0.5066426001518469,-0.9688461048710657,-0.014596283162207069,-0.5284991594002886,-0.26017503449527535,0.044926228620710607,0.7363380053150916,0.164503017661644,0.6935184301171309,-0.991742680745364,-0.7553063275271086,0.7904548190575267,0.8434278554027048,-0.8381543616030771,-0.32032289328385577,-0.20635535309827624,0.7983565166102671,0.5111368471486821,-0.5626607540371076,0.5893738665249644,-0.16630588637721333,-0.8276671796305992,0.6654224625834093,0.8182341367542576,-0.8623353922863302,-0.19470184891034448,0.7129294350142454,-0.451632358348224,-0.5653837705965821,-0.6780596266016512,-0.8904591679394778,-0.9982826559079361,-0.9970477696457396,0.5240761519690176,-0.5246959349881806,0.8710470564916899,-0.1992236736363031,0.9618757890961618,-0.3124896557386261,-0.10369790626803232,-0.8600775483277923,0.18714623898592864,0.9473626345807944,0.842149972831,-0.31340777261183406,-0.03457514679097895,-0.28110699079702517,0.7911105973319856,-0.6124577156139501,0.7628228011082971,-0.7821644542720179,-0.3217780455106414,0.7035431988715386,0.5510982703636222,-0.2469305337442107,-0.2960179286844462,0.7545606938185057,-0.10517162678119307,0.8188319398941237,-0.611543082642483,0.5261298186038719,0.021071051895337423,0.46869639723813394,0.013285805023643737,0.5095024332625979,0.9239555457805115,-0.7302239396799051,0.6744610463101739,0.77859926675982,0.06242916189202696,0.10513981607704848,-0.15937987742458049,0.7954315907890006,-0.9144111164397042,-0.2453111342039136,-0.17741679358486562,-0.6970930476150641,0.020337122590175394,0.14345290471087813,-0.015195048699850222,0.14539724320163638,-0.6895126256376516,-0.4925485675256631,-0.4351038856891227,0.9978532471774952,0.7843723727824927,0.9664876263430924,-0.14891734283085234,0.9888553520070806,-0.8782214684190894,-0.37637844052847624,-0.564308700124585,-0.20247967908568332,0.09389889045872435,-0.29905529035659173,0.5216714675977312,-0.2657533034302255,-0.15408554501721783,-0.9981919632611591,0.4476039000840877,0.309906241935316,0.09143456787596471,-0.8248033828392605,-0.6757424183256144,-0.8654092012781258,-0.5793785195638799,0.9219374649382059,-0.798393813024588,0.35243959266345315,-0.4971129079954193,-0.4642216504730081,-0.830502707680246,-0.7508186279168156,-0.8853356994412778,0.9835211952626173,-0.20709460426787984,-0.22838652935027248,0.3490730882169144,0.5225690497232485,0.3846788144231965,-0.18620464381868573,-0.17579053851837978,-0.08546826453393486,0.8629533161002607,-0.9289058284903946,0.8251847751742258,-0.4885445025599062,-0.21774474719188341,-0.3789533425803664,-0.5639541260967051,0.17803081458934678,0.15606829958040036,0.4331435675172808,0.284793062734245,-0.36296120659232534,0.19437826139298808,-0.7881558429520723,-0.9141152375450019,-0.4823604285812637,0.19063863729362485,-0.1522338573842672,-0.17209363907018238,0.7143562756059922,0.205691893817592,0.5060802198628498,0.47925787290079347,0.6258989387750642,-0.22758777686957798,0.08136571982082552,0.14893055338306915,-0.32879488193182427,-0.42130625558884294,-0.38603278048605416,0.8379252206875396,0.8121433453403686,0.6019872427547823,0.2830998994156455,-0.4755339233883662,0.49797889093830094,-0.20835377917546705,-0.19044111919885975,-0.3580538725283189,0.7984126393281952,0.5746275881473233,0.5788073624317387,0.5834443208027573,0.19402317855692175,-0.1723070819978494,0.8652406446356435,-0.7762387863486107,-0.5224486071760437,0.1533497480414825,0.31496300041547176,-0.502243112351727,-0.26650859382259506,-0.7350497479132669,-0.9955374005398283,0.9496550539635706,0.7291903553478614,-0.7772516288207283,0.27175951977886004,-0.24433632500528324,0.7791137992209425,-0.24464979049363733,0.05583868171509199,-0.6675056054588908,0.1814821286874997,0.6389824881692425,-0.43713737643108663,0.7920997225129729,-0.7382746076680411,-0.34984695315211134,-0.9707259691340044,-0.8702659319307988,-0.629631089297777,0.1570930960219692,0.5357487923594757,-0.43561996895522226,-0.952184154408267,-0.39638997507280305,0.9170378565899457,0.8213966743254244,-0.4942756449645431,0.6615376708961467,0.7574375510179463,0.5221703863033371,-0.2959757941253116,0.9246396561275381,-0.5035210945305049,0.6042700368954208,0.9343549703985585,-0.22975887598107647,0.011037511768003494,0.39313747983680525,0.2839561964351667,0.32789772113842663,-0.21305367227852923,0.558369971071186,0.9777923143058622,0.04162683761784258,0.23227074269368075,0.5667094587379262,0.9384073688373182,0.5920600304667372,0.1696606221847483,0.8328798799268515,-0.9748716256770973,0.3773192717672671,0.436752937576272,-0.0161442152120419,0.1157114418733114,-0.8776305581221013,-0.8676370237010465,0.25558680640354403,-0.7194552633422202,-0.6843382944298413,0.7930759636725631,-0.19352599656764324,0.388359585632873,-0.10115685500061744,0.6158084797795846,0.6832127510666408,0.4734543933521749,-0.05481390397624786,0.6831880516242359,-0.32561300650502645,0.540207404487465,-0.8980343424925112,0.3366225262044784,0.3523818715034097,0.8647527430663899,0.503817503671911,0.21466928018029385,-0.8675366853411213
54.50840771428194,0.9638076609263164,0.17213474064790546,-0.7477241631391003,0.7075434575706767,-0.15746473280852524,0.5010203277755982,0.9114690091916804,0.7178858888530151,-0.8587603873502889,-0.8238737411538888,-0.3967596950592158,-0.5066426001518469,-0.9688461048710657,-0.014596283162207069,-0.5284991594002886,-0.26017503449527535,0.044926228620710607,0.7363380053150916,0.164503017661644,0.6935184301171309,-0.991742680745364,-0.7553063275271086,0.7904548190575267,0.8434278554027048,-0.8381543616030771,-0.32032289328385577,-0.20635535309827624,0.7983565166102671,0.5111368471486821,-0.5626607540371076,0.5893738665249644,-0.16630588637721333,-0.8276671796305992,0.6654224625834093,0.8182341367542576,-0.8623353922863302,-0.19470184891034448,0.7129294350142454,-0.451632358348224,-0.5653837705965821,-0.6780596266016512,-0.8904591679394778,-0.9982826559079361,-0.9970477696457396,0.5240761519690176,-0.5246959349881806,0.8710470564916899,-0.1992236736363031,0.9618757890961618,-0.3124896557386261,-0.10369790626803232,-0.8600775483277923,0.18714623898592864,0.9473626345807944,0.842149972831,-0.31340777261183406,-0.03457514679097895,-0.28110699079702517,0.7911105973319856,-0.6124577156139501,0.7628228011082971,-0.7821644542720179,-0.3217780455106414,0.7035431988715386,0.5510982703636222,-0.2469305337442107,-0.2960179286844462,0.7545606938185057,-0.10517162678119307,0.8188319398941237,-0.611543082642483,0.5261298186038719,0.021071051895337423,0.46869639723813394,0.013285805023643737,0.5095024332625979,0.9239555457805115,-0.7302239396799051,0.6744610463101739,0.77859926675982,0.06242916189202696,0.10513981607704848,-0.15937987742458049,0.7954315907890006,-0.9144111164397042,-0.2453111342039136,-0.17741679358486562,-0.6970930476150641,0.020337122590175394,0.14345290471087813,-0.015195048699850222,0.14539724320163638,-0.6895126256376516,-0.4925485675256631,-0.4351038856891227,0.9978532471774952,0.7843723727824927,0.9664876263430924,-0.14891734283085234,0.9888553520070806,-0.8782214684190894,-0.37637844052847624,-0.564308700124585,-0.20247967908568332,0.09389889045872435,-0.29905529035659173,0.5216714675977312,-0.2657533034302255,-0.15408554501721783,-0.9981919632611591,0.4476039000840877,0.309906241935316,0.09143456787596471,-0.8248033828392605,-0.6757424183256144,-0.8654092012781258,-0.5793785195638799,0.9219374649382059,-0.798393813024588,0.35243959266345315,-0.4971129079954193,-0.4642216504730081,-0.830502707680246,-0.7508186279168156,-0.8853356994412778,0.9835211952626173,-0.20709460426787984,-0.22838652935027248,0.3490730882169144,0.5225690497232485,0.3846788144231965,-0.18620464381868573,-0.17579053851837978,-0.08546826453393486,0.8629533161002607,-0.9289058284903946,0.8251847751742258,-0.4885445025599062,-0.21774474719188341,-0.3789533425803664,-0.5639541260967051,0.17803081458934678,0.15606829958040036,0.4331435675172808,0.284793062734245,-0.36296120659232534,0.19437826139298808,-0.7881558429520723,-0.9141152375450019,-0.4823604285812637,0.19063863729362485,-0.1522338573842672,-0.17209363907018238,0.7143562756059922,0.205691893817592,0.5060802198628498,0.47925787290079347,0.6258989387750642,-0.22758777686957798,0.08136571982082552,0.14893055338306915,-0.32879488193182427,-0.42130625558884294,-0.38603278048605416,0.8379252206875396,0.8121433453403686,0.6019872427547823,0.2830998994156455,-0.4755339233883662,0.49797889093830094,-0.20835377917546705,-0.19044111919885975,-0.3580538725283189,0.7984126393281952,0.5746275881473233,0.5788073624317387,0.5834443208027573,0.19402317855692175,-0.1723070819978494,0.8652406446356435,-0.7762387863486107,-0.5224486071760437,0.1533497480414825,0.31496300041547176,-0.502243112351727,-0.26650859382259506,-0.7350497479132669,-0.9955374005398283,0.9496550539635706,0.7291903553478614,-0.7772516288207283,0.27175951977886004,-0.24433632500528324,0.7791137992209425,-0.24464979049363733,0.05583868171509199,-0.6675056054588908,0.1814821286874997,0.6389824881692425,-0.43713737643108663,0.7920997225129729,-0.7382746076680411,-0.34984695315211134,-0.9707259691340044,-0.8702659319307988,-0.629631089297777,0.1570930960219692,0.5357487923594757,-0.43561996895522226,-0.952184154408267,-0.39638997507280305,0.9170378565899457,0.8213966743254244,-0.4942756449645431,0.6615376708961467,0.7574375510179463,0.5221703863033371,-0.2959757941253116,0.9246396561275381,-0.5035210945305049,0.6042700368954208,0.9343549703985585,-0.22975887598107647,0.011037511768003494,0.39313747983680525,0.2839561964351667,0.32789772113842663,-0.21305367227852923,0.558369971071186,0.9777923143058622,0.04162683761784258,0.23227074269368075,0.5667094587379262,0.9384073688373182,0.5920600304667372,0.1696606221847483,0.8328798799268515,-0.9748716256770973,0.3773192717672671,0.436752937576272,-0.0161442152120419,0.1157114418733114,-0.8776305581221013,-0.8676370237010465,0.25558680640354403,-0.7194552633422202,-0.6843382944298413,0.7930759636725631,-0.19352599656764324,0.388359585632873,-0.10115685500061744,0.6158084797795846,0.6832127510666408,0.4734543933521749,-0.05481390397624786,0.6831880516242359,-0.32561300650502645,0.540207404487465,-0.8980343424925112,0.3366225262044784,0.3523818715034097,0.8647527430663899,0.503817503671911,0.21466928018029385,-0.8675366853411213
54.50840771428194,0.9638076609263164,0.17213474064790546,-0.7477241631391003,0.7075434575706767,-0.15746473280852524,0.5010203277755982,0.9114690091916804,0.7178858888530151,-0.8587603873502889,-0.8238737411538888,-0.3967596950592158,-0.5066426001518469,-0.9688461048710657,-0.014596283162207069,-0.5284991594002886,-0.26017503449527535,0.044926228620710607,0.7363380053150916,0.164503017661644,0.6935184301171309,-0.991742680745364,-0.7553063275271086,0.7904548190575267,0.8434278554027048,-0.8381543616030771,-0.32032289328385577,-0.20635535309827624,0.7983565166102671,0.5111368471486821,-0.5626607540371076,0.5893738665249644,-0.16630588637721333,-0.8276671796305992,0.6654224625834093,0.8182341367542576,-0.8623353922863302,-0.19470184891034448,0.7129294350142454,-0.451632358348224,-0.5653837705965821,-0.6780596266016512,-0.8904591679394778,-0.9982826559079361,-0.9970477696457396,0.5240761519690176,-0.5246959349881806,0.8710470564916899,-0.1992236736363031,0.9618757890961618,-0.3124896557386261,-0.10369790626803232,-0.8600775483277923,0.18714623898592864,0.9473626345807944,0.842149972831,-0.31340777261183406,-0.03457514679097895,-0.28110699079702517,0.7911105973319856,-0.6124577156139501,0.7628228011082971,-0.7821644542720179,-0.3217780455106414,0.7035431988715386,0.5510982703636222,-0.2469305337442107,-0.2960179286844462,0.7545606938185057,-0.10517162678119307,0.8188319398941237,-0.611543082642483,0.5261298186038719,0.021071051895337423,0.46869639723813394,0.013285805023643737,0.5095024332625979,0.9239555457805115,-0.7302239396799051,0.6744610463101739,0.77859926675982,0.06242916189202696,0.10513981607704848,-0.15937987742458049,0.7954315907890006,-0.9144111164397042,-0.2453111342039136,-0.17741679358486562,-0.6970930476150641,0.020337122590175394,0.14345290471087813,-0.015195048699850222,0.14539724320163638,-0.6895126256376516,-0.4925485675256631,-0.4351038856891227,0.9978532471774952,0.7843723727824927,0.9664876263430924,-0.14891734283085234,0.9888553520070806,-0.8782214684190894,-0.37637844052847624,-0.564308700124585,-0.20247967908568332,0.09389889045872435,-0.29905529035659173,0.5216714675977312,-0.2657533034302255,-0.15408554501721783,-0.9981919632611591,0.4476039000840877,0.309906241935316,0.09143456787596471,-0.8248033828392605,-0.6757424183256144,-0.8654092012781258,-0.5793785195638799,0.9219374649382059,-0.798393813024588,0.35243959266345315,-0.4971129079954193,-0.4642216504730081,-0.830502707680246,-0.7508186279168156,-0.8853356994412778,0.9835211952626173,-0.20709460426787984,-0.22838652935027248,0.3490730882169144,0.5225690497232485,0.3846788144231965,-0.18620464381868573,-0.17579053851837978,-0.08546826453393486,0.8629533161002607,-0.9289058284903946,0.8251847751742258,-0.4885445025599062,-0.21774474719188341,-0.3789533425803664,-0.5639541260967051,0.17803081458934678,0.15606829958040036,0.4331435675172808,0.284793062734245,-0.36296120659232534,0.19437826139298808,-0.7881558429520723,-0.9141152375450019,-0.4823604285812637,0.19063863729362485,-0.1522338573842672,-0.17209363907018238,0.7143562756059922,0.205691893817592,0.5060802198628498,0.47925787290079347,0.6258989387750642,-0.22758777686957798,0.08136571982082552,0.14893055338306915,-0.32879488193182427,-0.42130625558884294,-0.38603278048605416,0.8379252206875396,0.8121433453403686,0.6019872427547823,0.2830998994156455,-0.4755339233883662,0.49797889093830094,-0.20835377917546705,-0.19044111919885975,-0.3580538725283189,0.7984126393281952,0.5746275881473233,0.5788073624317387,0.5834443208027573,0.19402317855692175,-0.1723070819978494,0.8652406446356435,-0.7762387863486107,-0.5224486071760437,0.1533497480414825,0.31496300041547176,-0.502243112351727,-0.26650859382259506,-0.7350497479132669,-0.9955374005398283,0.9496550539635706,0.7291903553478614,-0.7772516288207283,0.27175951977886004,-0.24433632500528324,0.7791137992209425,-0.24464979049363733,0.05583868171509199,-0.6675056054588908,0.1814821286874997,0.6389824881692425,-0.43713737643108663,0.7920997225129729,-0.7382746076680411,-0.34984695315211134,-0.9707259691340044,-0.8702659319307988,-0.629631089297777,0.1570930960219692,0.5357487923594757,-0.43561996895522226,-0.952184154408267,-0.39638997507280305,0.9170378565899457,0.8213966743254244,-0.4942756449645431,0.6615376708961467,0.7574375510179463,0.5221703863033371,-0.2959757941253116,0.9246396561275381,-0.5035210945305049,0.6042700368954208,0.9343549703985585,-0.22975887598107647,0.011037511768003494,0.39313747983680525,0.2839561964351667,0.32789772113842663,-0.21305367227852923,0.558369971071186,0.9777923143058622,0.04162683761784258,0.23227074269368075,0.5667094587379262,0.9384073688373182,0.5920600304667372,0.1696606221847483,0.8328798799268515,-0.9748716256770973,0.3773192717672671,0.436752937576272,-0.0161442152120419,0.1157114418733114,-0.8776305581221013,-0.8676370237010465,0.25558680640354403,-0.7194552633422202,-0.6843382944298413,0.7930759636725631,-0.19352599656764324,0.388359585632873,-0.10115685500061744,0.6158084797795846,0.6832127510666408,0.4734543933521749,-0.05481390397624786,0.6831880516242359,-0.32561300650502645,0.540207404487465,-0.8980343424925112,0.3366225262044784,0.3523818715034097,0.8647527430663899,0.503817503671911,0.21466928018029385,-0.8675366853411213
54.50840771428194,0.9638076609263164,0.17213474064790546,-0.7477241631391003,0.7075434575706767,-0.15746473280852524,0.5010203277755982,0.9114690091916804,0.7178858888530151,-0.8587603873502889,-0.8238737411538888,-0.3967596950592158,-0.5066426001518469,-0.9688461048710657,-0.014596283162207069,-0.5284991594002886,-0.26017503449527535,0.044926228620710607,0.7363380053150916,0.164503017661644,0.6935184301171309,-0.991742680745364,-0.7553063275271086,0.7904548190575267,0.8434278554027048,-0.8381543616030771,-0.32032289328385577,-0.20635535309827624,0.7983565166102671,0.5111368471486821,-0.5626607540371076,0.5893738665249644,-0.16630588637721333,-0.8276671796305992,0.6654224625834093,0.8182341367542576,-0.8623353922863302,-0.19470184891034448,0.7129294350142454,-0.451632358348224,-0.5653837705965821,-0.6780596266016512,-0.8904591679394778,-0.9982826559079361,-0.9970477696457396,0.5240761519690176,-0.5246959349881806,0.8710470564916899,-0.1992236736363031,0.9618757890961618,-0.3124896557386261,-0.10369790626803232,-0.8600775483277923,0.18714623898592864,0.9473626345807944,0.842149972831,-0.31340777261183406,-0.03457514679097895,-0.28110699079702517,0.7911105973319856,-0.6124577156139501,0.7628228011082971,-0.7821644542720179,-0.3217780455106414,0.7035431988715386,0.5510982703636222,-0.2469305337442107,-0.2960179286844462,0.7545606938185057,-0.10517162678119307,0.8188319398941237,-0.611543082642483,0.5261298186038719,0.021071051895337423,0.46869639723813394,0.013285805023643737,0.5095024332625979,0.9239555457805115,-0.7302239396799051,0.6744610463101739,0.77859926675982,0.06242916189202696,0.10513981607704848,-0.15937987742458049,0.7954315907890006,-0.9144111164397042,-0.2453111342039136,-0.17741679358486562,-0.6970930476150641,0.020337122590175394,0.14345290471087813,-0.015195048699850222,0.14539724320163638,-0.6895126256376516,-0.4925485675256631,-0.4351038856891227,0.9978532471774952,0.7843723727824927,0.9664876263430924,-0.14891734283085234,0.9888553520070806,-0.8782214684190894,-0.37637844052847624,-0.564308700124585,-0.20247967908568332,0.09389889045872435,-0.29905529035659173,0.5216714675977312,-0.2657533034302255,-0.15408554501721783,-0.9981919632611591,0.4476039000840877,0.309906241935316,0.09143456787596471,-0.8248033828392605,-0.6757424183256144,-0.8654092012781258,-0.5793785195638799,0.9219374649382059,-0.798393813024588,0.35243959266345315,-0.4971129079954193,-0.4642216504730081,-0.830502707680246,-0.7508186279168156,-0.8853356994412778,0.9835211952626173,-0.20709460426787984,-0.22838652935027248,0.3490730882169144,0.5225690497232485,0.3846788144231965,-0.18620464381868573,-0.17579053851837978,-0.08546826453393486,0.8629533161002607,-0.9289058284903946,0.8251847751742258,-0.4885445025599062,-0.21774474719188341,-0.3789533425803664,-0.5639541260967051,0.17803081458934678,0.15606829958040036,0.4331435675172808,0.284793062734245,-0.36296120659232534,0.19437826139298808,-0.7881558429520723,-0.9141152375450019,-0.4823604285812637,0.19063863729362485,-0.1522338573842672,-0.17209363907018238,0.7143562756059922,0.205691893817592,0.5060802198628498,0.47925787290079347,0.6258989387750642,-0.22758777686957798,0.08136571982082552,0.14893055338306915,-0.32879488193182427,-0.42130625558884294,-0.38603278048605416,0.8379252206875396,0.8121433453403686,0.6019872427547823,0.2830998994156455,-0.4755339233883662,0.49797889093830094,-0.20835377917546705,-0.19044111919885975,-0.3580538725283189,0.7984126393281952,0.5746275881473233,0.5788073624317387,0.5834443208027573,0.19402317855692175,-0.1723070819978494,0.8652406446356435,-0.7762387863486107,-0.5224486071760437,0.1533497480414825,0.31496300041547176,-0.502243112351727,-0.26650859382259506,-0.7350497479132669,-0.9955374005398283,0.9496550539635706,0.7291903553478614,-0.7772516288207283,0.27175951977886004,-0.24433632500528324,0.7791137992209425,-0.24464979049363733,0.05583868171509199,-0.6675056054588908,0.1814821286874997,0.6389824881692425,-0.43713737643108663,0.7920997225129729,-0.7382746076680411,-0.34984695315211134,-0.9707259691340044,-0.8702659319307988,-0.629631089297777,0.1570930960219692,0.5357487923594757,-0.43561996895522226,-0.952184154408267,-0.39638997507280305,0.9170378565899457,0.8213966743254244,-0.4942756449645431,0.6615376708961467,0.7574375510179463,0.5221703863033371,-0.2959757941253116,0.9246396561275381,-0.5035210945305049,0.6042700368954208,0.9343549703985585,-0.22975887598107647,0.011037511768003494,0.39313747983680525,0.2839561964351667,0.32789772113842663,-0.21305367227852923,0.558369971071186,0.9777923143058622,0.04162683761784258,0.23227074269368075,0.5667094587379262,0.9384073688373182,0.5920600304667372,0.1696606221847483,0.8328798799268515,-0.9748716256770973,0.3773192717672671,0.436752937576272,-0.0161442152120419,0.1157114418733114,-0.8776305581221013,-0.8676370237010465,0.25558680640354403,-0.7194552633422202,-0.6843382944298413,0.7930759636725631,-0.19352599656764324,0.388359585632873,-0.10115685500061744,0.6158084797795846,0.6832127510666408,0.4734543933521749,-0.05481390397624786,0.6831880516242359,-0.32561300650502645,0.540207404487465,-0.8980343424925112,0.3366225262044784,0.3523818715034097,0.8647527430663899,0.503817503671911,0.21466928018029385,-0.8675366853411213
54.50840771428194,0.9638076609263164,0.17213474064790546,-0.7477241631391003,0.7075434575706767,-0.15746473280852524,0.5010203277755982,0.9114690091916804,0.7178858888530151,-0.8587603873502889,-0.8238737411538888,-0.3967596950592158,-0.5066426001518469,-0.9688461048710657,-0.014596283162207069,-0.5284991594002886,-0.26017503449527535,0.044926228620710607,0.7363380053150916,0.164503017661644,0.6935184301171309,-0.991742680745364,-0.7553063275271086,0.7904548190575267,0.8434278554027048,-0.8381543616030771,-0.32032289328385577,-0.20635535309827624,0.7983565166102671,0.5111368471486821,-0.5626607540371076,0.5893738665249644,-0.16630588637721333,-0.8276671796305992,0.6654224625834093,0.8182341367542576,-0.8623353922863302,-0.19470184891034448,0.7129294350142454,-0.451632358348224,-0.5653837705965821,-0.6780596266016512,-0.8904591679394778,-0.9982826559079361,-0.9970477696457396,0.5240761519690176,-0.5246959349881806,0.8710470564916899,-0.1992236736363031,0.9618757890961618,-0.3124896557386261,-0.10369790626803232,-0.8600775483277923,0.18714623898592864,0.9473626345807944,0.842149972831,-0.31340777261183406,-0.03457514679097895,-0.28110699079702517,0.7911105973319856,-0.6124577156139501,0.7628228011082971,-0.7821644542720179,-0.3217780455106414,0.7035431988715386,0.5510982703636222,-0.2469305337442107,-0.2960179286844462,0.7545606938185057,-0.10517162678119307,0.8188319398941237,-0.611543082642483,0.5261298186038719,0.021071051895337423,0.46869639723813394,0.013285805023643737,0.5095024332625979,0.9239555457805115,-0.7302239396799051,0.6744610463101739,0.77859926675982,0.06242916189202696,0.10513981607704848,-0.15937987742458049,0.7954315907890006,-0.9144111164397042,-0.2453111342039136,-0.17741679358486562,-0.6970930476150641,0.020337122590175394,0.14345290471087813,-0.015195048699850222,0.14539724320163638,-0.6895126256376516,-0.4925485675256631,-0.4351038856891227,0.9978532471774952,0.7843723727824927,0.9664876263430924,-0.14891734283085234,0.9888553520070806,-0.8782214684190894,-0.37637844052847624,-0.564308700124585,-0.20247967908568332,0.09389889045872435,-0.29905529035659173,0.5216714675977312,-0.2657533034302255,-0.15408554501721783,-0.9981919632611591,0.4476039000840877,0.309906241935316,0.09143456787596471,-0.8248033828392605,-0.6757424183256144,-0.8654092012781258,-0.5793785195638799,0.9219374649382059,-0.798393813024588,0.35243959266345315,-0.4971129079954193,-0.4642216504730081,-0.830502707680246,-0.7508186279168156,-0.8853356994412778,0.9835211952626173,-0.20709460426787984,-0.22838652935027248,0.3490730882169144,0.5225690497232485,0.3846788144231965,-0.18620464381868573,-0.17579053851837978,-0.08546826453393486,0.8629533161002607,-0.9289058284903946,0.8251847751742258,-0.4885445025599062,-0.21774474719188341,-0.3789533425803664,-0.5639541260967051,0.17803081458934678,0.15606829958040036,0.4331435675172808,0.284793062734245,-0.36296120659232534,0.19437826139298808,-0.7881558429520723,-0.9141152375450019,-0.4823604285812637,0.19063863729362485,-0.1522338573842672,-0.17209363907018238,0.7143562756059922,0.205691893817592,0.5060802198628498,0.47925787290079347,0.6258989387750642,-0.22758777686957798,0.08136571982082552,0.14893055338306915,-0.32879488193182427,-0.42130625558884294,-0.38603278048605416,0.8379252206875396,0.8121433453403686,0.6019872427547823,0.2830998994156455,-0.4755339233883662,0.49797889093830094,-0.20835377917546705,-0.19044111919885975,-0.3580538725283189,0.7984126393281952,0.5746275881473233,0.5788073624317387,0.5834443208027573,0.19402317855692175,-0.1723070819978494,0.8652406446356435,-0.7762387863486107,-0.5224486071760437,0.1533497480414825,0.31496300041547176,-0.502243112351727,-0.26650859382259506,-0.7350497479132669,-0.9955374005398283,0.9496550539635706,0.7291903553478614,-0.7772516288207283,0.27175951977886004,-0.24433632500528324,0.7791137992209425,-0.24464979049363733,0.05583868171509199,-0.6675056054588908,0.1814821286874997,0.6389824881692425,-0.43713737643108663,0.7920997225129729,-0.7382746076680411,-0.34984695315211134,-0.9707259691340044,-0.8702659319307988,-0.629631089297777,0.1570930960219692,0.5357487923594757,-0.43561996895522226,-0.952184154408267,-0.39638997507280305,0.9170378565899457,0.8213966743254244,-0.4942756449645431,0.6615376708961467,0.7574375510179463,0.5221703863033371,-0.2959757941253116,0.9246396561275381,-0.5035210945305049,0.6042700368954208,0.9343549703985585,-0.22975887598107647,0.011037511768003494,0.39313747983680525,0.2839561964351667,0.32789772113842663,-0.21305367227852923,0.558369971071186,0.9777923143058622,0.04162683761784258,0.23227074269368075,0.5667094587379262,0.9384073688373182,0.5920600304667372,0.1696606221847483,0.8328798799268515,-0.9748716256770973,0.3773192717672671,0.436752937576272,-0.0161442152120419,0.1157114418733114,-0.8776305581221013,-0.8676370237010465,0.25558680640354403,-0.7194552633422202,-0.6843382944298413,0.7930759636725631,-0.19352599656764324,0.388359585632873,-0.10115685500061744,0.6158084797795846,0.6832127510666408,0.4734543933521749,-0.05481390397624786,0.6831880516242359,-0.32561300650502645,0.540207404487465,-0.8980343424925112,0.3366225262044784,0.3523818715034097,0.8647527430663899,0.503817503671911,0.21466928018029385,-0.8675366853411213
54.50840771428194,0.9638076609263164,0.17213474064790546,-0.7477241631391003,0.7075434575706767,-0.15746473280852524,0.5010203277755982,0.9114690091916804,0.7178858888530151,-0.8587603873502889,-0.8238737411538888,-0.3967596950592158,-0.5066426001518469,-0.9688461048710657,-0.014596283162207069,-0.5284991594002886,-0.26017503449527535,0.044926228620710607,0.7363380053150916,0.164503017661644,0.6935184301171309,-0.991742680745364,-0.7553063275271086,0.7904548190575267,0.8434278554027048,-0.8381543616030771,-0.32032289328385577,-0.20635535309827624,0.7983565166102671,0.5111368471486821,-0.5626607540371076,0.5893738665249644,-0.16630588637721333,-0.8276671796305992,0.6654224625834093,0.8182341367542576,-0.8623353922863302,-0.19470184891034448,0.7129294350142454,-0.451632358348224,-0.5653837705965821,-0.6780596266016512,-0.8904591679394778,-0.9982826559079361,-0.9970477696457396,0.5240761519690176,-0.5246959349881806,0.8710470564916899,-0.1992236736363031,0.9618757890961618,-0.3124896557386261,-0.10369790626803232,-0.8600775483277923,0.18714623898592864,0.9473626345807944,0.842149972831,-0.31340777261183406,-0.03457514679097895,-0.28110699079702517,0.7911105973319856,-0.6124577156139501,0.7628228011082971,-0.7821644542720179,-0.3217780455106414,0.7035431988715386,0.5510982703636222,-0.2469305337442107,-0.2960179286844462,0.7545606938185057,-0.10517162678119307,0.8188319398941237,-0.611543082642483,0.5261298186038719,0.021071051895337423,0.46869639723813394,0.013285805023643737,0.5095024332625979,0.9239555457805115,-0.7302239396799051,0.6744610463101739,0.77859926675982,0.06242916189202696,0.10513981607704848,-0.15937987742458049,0.7954315907890006,-0.9144111164397042,-0.2453111342039136,-0.17741679358486562,-0.6970930476150641,0.020337122590175394,0.14345290471087813,-0.015195048699850222,0.14539724320163638,-0.6895126256376516,-0.4925485675256631,-0.4351038856891227,0.9978532471774952,0.7843723727824927,0.9664876263430924,-0.14891734283085234,0.9888553520070806,-0.8782214684190894,-0.37637844052847624,-0.564308700124585,-0.20247967908568332,0.09389889045872435,-0.29905529035659173,0.5216714675977312,-0.2657533034302255,-0.15408554501721783,-0.9981919632611591,0.4476039000840877,0.309906241935316,0.09143456787596471,-0.8248033828392605,-0.6757424183256144,-0.8654092012781258,-0.5793785195638799,0.9219374649382059,-0.798393813024588,0.35243959266345315,-0.4971129079954193,-0.4642216504730081,-0.830502707680246,-0.7508186279168156,-0.8853356994412778,0.9835211952626173,-0.20709460426787984,-0.22838652935027248,0.3490730882169144,0.5225690497232485,0.3846788144231965,-0.18620464381868573,-0.17579053851837978,-0.08546826453393486,0.8629533161002607,-0.9289058284903946,0.8251847751742258,-0.4885445025599062,-0.21774474719188341,-0.3789533425803664,-0.5639541260967051,0.17803081458934678,0.15606829958040036,0.4331435675172808,0.284793062734245,-0.36296120659232534,0.19437826139298808,-0.7881558429520723,-0.9141152375450019,-0.4823604285812637,0.19063863729362485,-0.1522338573842672,-0.17209363907018238,0.7143562756059922,0.205691893817592,0.5060802198628498,0.47925787290079347,0.6258989387750642,-0.22758777686957798,0.08136571982082552,0.14893055338306915,-0.32879488193182427,-0.42130625558884294,-0.38603278048605416,0.8379252206875396,0.8121433453403686,0.6019872427547823,0.2830998994156455,-0.4755339233883662,0.49797889093830094,-0.20835377917546705,-0.19044111919885975,-0.3580538725283189,0.7984126393281952,0.5746275881473233,0.5788073624317387,0.5834443208027573,0.19402317855692175,-0.1723070819978494,0.8652406446356435,-0.7762387863486107,-0.5224486071760437,0.1533497480414825,0.31496300041547176,-0.502243112351727,-0.26650859382259506,-0.7350497479132669,-0.9955374005398283,0.9496550539635706,0.7291903553478614,-0.7772516288207283,0.27175951977886004,-0.24433632500528324,0.7791137992209425,-0.24464979049363733,0.05583868171509199,-0.6675056054588908,0.1814821286874997,0.6389824881692425,-0.43713737643108663,0.7920997225129729,-0.7382746076680411,-0.34984695315211134,-0.9707259691340044,-0.8702659319307988,-0.629631089297777,0.1570930960219692,0.5357487923594757,-0.43561996895522226,-0.952184154408267,-0.39638997507280305,0.9170378565899457,0.8213966743254244,-0.4942756449645431,0.6615376708961467,0.7574375510179463,0.5221703863033371,-0.2959757941253116,0.9246396561275381,-0.5035210945305049,0.6042700368954208,0.9343549703985585,-0.22975887598107647,0.011037511768003494,0.39313747983680525,0.2839561964351667,0.32789772113842663,-0.21305367227852923,0.558369971071186,0.9777923143058622,0.04162683761784258,0.23227074269368075,0.5667094587379262,0.9384073688373182,0.5920600304667372,0.1696606221847483,0.8328798799268515,-0.9748716256770973,0.3773192717672671,0.436752937576272,-0.0161442152120419,0.1157114418733114,-0.8776305581221013,-0.8676370237010465,0.25558680640354403,-0.7194552633422202,-0.6843382944298413,0.7930759636725631,-0.19352599656764324,0.388359585632873,-0.10115685500061744,0.6158084797795846,0.6832127510666408,0.4734543933521749,-0.05481390397624786,0.6831880516242359,-0.32561300650502645,0.540207404487465,-0.8980343424925112,0.3366225262044784,0.3523818715034097,0.8647527430663899,0.503817503671911,0.21466928018029385,-0.8675366853411213
54.50840771428194,0.9638076609263164,0.17213474064790546,-0.7477241631391003,0.7075434575706767,-0.15746473280852524,0.5010203277755982,0.9114690091916804,0.7178858888530151,-0.8587603873502889,-0.8238737411538888,-0.3967596950592158,-0.5066426001518469,-0.9688461048710657,-0.014596283162207069,-0.5284991594002886,-0.26017503449527535,0.044926228620710607,0.7363380053150916,0.164503017661644,0.6935184301171309,-0.991742680745364,-0.7553063275271086,0.7904548190575267,0.8434278554027048,-0.8381543616030771,-0.32032289328385577,-0.20635535309827624,0.7983565166102671,0.5111368471486821,-0.5626607540371076,0.5893738665249644,-0.16630588637721333,-0.8276671796305992,0.6654224625834093,0.8182341367542576,-0.8623353922863302,-0.19470184891034448,0.7129294350142454,-0.451632358348224,-0.5653837705965821,-0.6780596266016512,-0.8904591679394778,-0.9982826559079361,-0.9970477696457396,0.5240761519690176,-0.5246959349881806,0.8710470564916899,-0.1992236736363031,0.9618757890961618,-0.3124896557386261,-0.10369790626803232,-0.8600775483277923,0.18714623898592864,0.9473626345807944,0.842149972831,-0.31340777261183406,-0.03457514679097895,-0.28110699079702517,0.7911105973319856,-0.6124577156139501,0.7628228011082971,-0.7821644542720179,-0.3217780455106414,0.7035431988715386,0.5510982703636222,-0.2469305337442107,-0.2960179286844462,0.7545606938185057,-0.10517162678119307,0.8188319398941237,-0.611543082642483,0.5261298186038719,0.021071051895337423,0.46869639723813394,0.013285805023643737,0.5095024332625979,0.9239555457805115,-0.7302239396799051,0.6744610463101739,0.77859926675982,0.06242916189202696,0.10513981607704848,-0.15937987742458049,0.7954315907890006,-0.9144111164397042,-0.2453111342039136,-0.17741679358486562,-0.6970930476150641,0.020337122590175394,0.14345290471087813,-0.015195048699850222,0.14539724320163638,-0.6895126256376516,-0.4925485675256631,-0.4351038856891227,0.9978532471774952,0.7843723727824927,0.9664876263430924,-0.14891734283085234,0.9888553520070806,-0.8782214684190894,-0.37637844052847624,-0.564308700124585,-0.20247967908568332,0.09389889045872435,-0.29905529035659173,0.5216714675977312,-0.2657533034302255,-0.15408554501721783,-0.9981919632611591,0.4476039000840877,0.309906241935316,0.09143456787596471,-0.8248033828392605,-0.6757424183256144,-0.8654092012781258,-0.5793785195638799,0.9219374649382059,-0.798393813024588,0.35243959266345315,-0.4971129079954193,-0.4642216504730081,-0.830502707680246,-0.7508186279168156,-0.8853356994412778,0.9835211952626173,-0.20709460426787984,-0.22838652935027248,0.3490730882169144,0.5225690497232485,0.3846788144231965,-0.18620464381868573,-0.17579053851837978,-0.08546826453393486,0.8629533161002607,-0.9289058284903946,0.8251847751742258,-0.4885445025599062,-0.21774474719188341,-0.3789533425803664,-0.5639541260967051,0.17803081458934678,0.15606829958040036,0.4331435675172808,0.284793062734245,-0.36296120659232534,0.19437826139298808,-0.7881558429520723,-0.9141152375450019,-0.4823604285812637,0.19063863729362485,-0.1522338573842672,-0.17209363907018238,0.7143562756059922,0.205691893817592,0.5060802198628498,0.47925787290079347,0.6258989387750642,-0.22758777686957798,0.08136571982082552,0.14893055338306915,-0.32879488193182427,-0.42130625558884294,-0.38603278048605416,0.8379252206875396,0.8121433453403686,0.6019872427547823,0.2830998994156455,-0.4755339233883662,0.49797889093830094,-0.20835377917546705,-0.19044111919885975,-0.3580538725283189,0.7984126393281952,0.5746275881473233,0.5788073624317387,0.5834443208027573,0.19402317855692175,-0.1723070819978494,0.8652406446356435,-0.7762387863486107,-0.5224486071760437,0.1533497480414825,0.31496300041547176,-0.502243112351727,-0.26650859382259506,-0.7350497479132669,-0.9955374005398283,0.9496550539635706,0.7291903553478614,-0.7772516288207283,0.27175951977886004,-0.24433632500528324,0.7791137992209425,-0.24464979049363733,0.05583868171509199,-0.6675056054588908,0.1814821286874997,0.6389824881692425,-0.43713737643108663,0.7920997225129729,-0.7382746076680411,-0.34984695315211134,-0.9707259691340044,-0.8702659319307988,-0.629631089297777,0.1570930960219692,0.5357487923594757,-0.43561996895522226,-0.952184154408267,-0.39638997507280305,0.9170378565899457,0.8213966743254244,-0.4942756449645431,0.6615376708961467,0.7574375510179463,0.5221703863033371,-0.2959757941253116,0.9246396561275381,-0.5035210945305049,0.6042700368954208,0.9343549703985585,-0.22975887598107647,0.011037511768003494,0.39313747983680525,0.2839561964351667,0.32789772113842663,-0.21305367227852923,0.558369971071186,0.9777923143058622,0.04162683761784258,0.23227074269368075,0.5667094587379262,0.9384073688373182,0.5920600304667372,0.1696606221847483,0.8328798799268515,-0.9748716256770973,0.3773192717672671,0.436752937576272,-0.0161442152120419,0.1157114418733114,-0.8776305581221013,-0.8676370237010465,0.25558680640354403,-0.7194552633422202,-0.6843382944298413,0.7930759636725631,-0.19352599656764324,0.388359585632873,-0.10115685500061744,0.6158084797795846,0.6832127510666408,0.4734543933521749,-0.05481390397624786,0.6831880516242359,-0.32561300650502645,0.540207404487465,-0.8980343424925112,0.3366225262044784,0.3523818715034097,0.8647527430663899,0.503817503671911,0.21466928018029385,-0.8675366853411213
54.50840771428194,0.9638076609263164,0.17213474064790546,-0.7477241631391003,0.7075434575706767,-0.15746473280852524,0.5010203277755982,0.9114690091916804,0.7178858888530151,-0.8587603873502889,-0.8238737411538888,-0.3967596950592158,-0.5066426001518469,-0.9688461048710657,-0.014596283162207069,-0.5284991594002886,-0.26017503449527535,0.044926228620710607,0.7363380053150916,0.164503017661644,0.6935184301171309,-0.991742680745364,-0.7553063275271086,0.7904548190575267,0.8434278554027048,-0.8381543616030771,-0.32032289328385577,-0.20635535309827624,0.7983565166102671,0.5111368471486821,-0.5626607540371076,0.5893738665249644,-0.16630588637721333,-0.8276671796305992,0.6654224625834093,0.8182341367542576,-0.8623353922863302,-0.19470184891034448,0.7129294350142454,-0.451632358348224,-0.5653837705965821,-0.6780596266016512,-0.8904591679394778,-0.9982826559079361,-0.9970477696457396,0.5240761519690176,-0.5246959349881806,0.8710470564916899,-0.1992236736363031,0.9618757890961618,-0.3124896557386261,-0.10369790626803232,-0.8600775483277923,0.18714623898592864,0.9473626345807944,0.842149972831,-0.31340777261183406,-0.03457514679097895,-0.28110699079702517,0.7911105973319856,-0.6124577156139501,0.7628228011082971,-0.7821644542720179,-0.3217780455106414,0.7035431988715386,0.5510982703636222,-0.2469305337442107,-0.2960179286844462,0.7545606938185057,-0.10517162678119307,0.8188319398941237,-0.611543082642483,0.5261298186038719,0.021071051895337423,0.46869639723813394,0.013285805023643737,0.5095024332625979,0.9239555457805115,-0.7302239396799051,0.6744610463101739,0.77859926675982,0.06242916189202696,0.10513981607704848,-0.15937987742458049,0.7954315907890006,-0.9144111164397042,-0.2453111342039136,-0.17741679358486562,-0.6970930476150641,0.020337122590175394,0.14345290471087813,-0.015195048699850222,0.14539724320163638,-0.6895126256376516,-0.4925485675256631,-0.4351038856891227,0.9978532471774952,0.7843723727824927,0.9664876263430924,-0.14891734283085234,0.9888553520070806,-0.8782214684190894,-0.37637844052847624,-0.564308700124585,-0.20247967908568332,0.09389889045872435,-0.29905529035659173,0.5216714675977312,-0.2657533034302255,-0.15408554501721783,-0.9981919632611591,0.4476039000840877,0.309906241935316,0.09143456787596471,-0.8248033828392605,-0.6757424183256144,-0.8654092012781258,-0.5793785195638799,0.9219374649382059,-0.798393813024588,0.35243959266345315,-0.4971129079954193,-0.4642216504730081,-0.830502707680246,-0.7508186279168156,-0.8853356994412778,0.9835211952626173,-0.20709460426787984,-0.22838652935027248,0.3490730882169144,0.5225690497232485,0.3846788144231965,-0.18620464381868573,-0.17579053851837978,-0.08546826453393486,0.8629533161002607,-0.9289058284903946,0.8251847751742258,-0.4885445025599062,-0.21774474719188341,-0.3789533425803664,-0.5639541260967051,0.17803081458934678,0.15606829958040036,0.4331435675172808,0.284793062734245,-0.36296120659232534,0.19437826139298808,-0.7881558429520723,-0.9141152375450019,-0.4823604285812637,0.19063863729362485,-0.1522338573842672,-0.17209363907018238,0.7143562756059922,0.205691893817592,0.5060802198628498,0.47925787290079347,0.6258989387750642,-0.22758777686957798,0.08136571982082552,0.14893055338306915,-0.32879488193182427,-0.42130625558884294,-0.38603278048605416,0.8379252206875396,0.8121433453403686,0.6019872427547823,0.2830998994156455,-0.4755339233883662,0.49797889093830094,-0.20835377917546705,-0.19044111919885975,-0.3580538725283189,0.7984126393281952,0.5746275881473233,0.5788073624317387,0.5834443208027573,0.19402317855692175,-0.1723070819978494,0.8652406446356435,-0.7762387863486107,-0.5224486071760437,0.1533497480414825,0.31496300041547176,-0.502243112351727,-0.26650859382259506,-0.7350497479132669,-0.9955374005398283,0.9496550539635706,0.7291903553478614,-0.7772516288207283,0.27175951977886004,-0.24433632500528324,0.7791137992209425,-0.24464979049363733,0.05583868171509199,-0.6675056054588908,0.1814821286874997,0.6389824881692425,-0.43713737643108663,0.7920997225129729,-0.7382746076680411,-0.34984695315211134,-0.9707259691340044,-0.8702659319307988,-0.629631089297777,0.1570930960219692,0.5357487923594757,-0.43561996895522226,-0.952184154408267,-0.39638997507280305,0.9170378565899457,0.8213966743254244,-0.4942756449645431,0.6615376708961467,0.7574375510179463,0.5221703863033371,-0.2959757941253116,0.9246396561275381,-0.5035210945305049,0.6042700368954208,0.9343549703985585,-0.22975887598107647,0.011037511768003494,0.39313747983680525,0.2839561964351667,0.32789772113842663,-0.21305367227852923,0.558369971071186,0.9777923143058622,0.04162683761784258,0.23227074269368075,0.5667094587379262,0.9384073688373182,0.5920600304667372,0.1696606221847483,0.8328798799268515,-0.9748716256770973,0.3773192717672671,0.436752937576272,-0.0161442152120419,0.1157114418733114,-0.8776305581221013,-0.8676370237010465,0.25558680640354403,-0.7194552633422202,-0.6843382944298413,0.7930759636725631,-0.19352599656764324,0.388359585632873,-0.10115685500061744,0.6158084797795846,0.6832127510666408,0.4734543933521749,-0.05481390397624786,0.6831880516242359,-0.32561300650502645,0.540207404487465,-0.8980343424925112,0.3366225262044784,0.3523818715034097,0.8647527430663899,0.503817503671911,0.21466928018029385,-0.8675366853411213
54.50840771428194,0.9638076609263164,0.17213474064790546,-0.7477241631391003,0.7075434575706767,-0.15746473280852524,0.5010203277755982,0.9114690091916804,0.7178858888530151,-0.8587603873502889,-0.8238737411538888,-0.3967596950592158,-0.5066426001518469,-0.9688461048710657,-0.014596283162207069,-0.5284991594002886,-0.26017503449527535,0.044926228620710607,0.7363380053150916,0.164503017661644,0.6935184301171309,-0.991742680745364,-0.7553063275271086,0.7904548190575267,0.8434278554027048,-0.8381543616030771,-0.32032289328385577,-0.20635535309827624,0.7983565166102671,0.5111368471486821,-0.5626607540371076,0.5893738665249644,-0.16630588637721333,-0.8276671796305992,0.6654224625834093,0.8182341367542576,-0.8623353922863302,-0.19470184891034448,0.7129294350142454,-0.451632358348224,-0.5653837705965821,-0.6780596266016512,-0.8904591679394778,-0.9982826559079361,-0.9970477696457396,0.5240761519690176,-0.5246959349881806,0.8710470564916899,-0.1992236736363031,0.9618757890961618,-0.3124896557386261,-0.10369790626803232,-0.8600775483277923,0.18714623898592864,0.9473626345807944,0.842149972831,-0.31340777261183406,-0.03457514679097895,-0.28110699079702517,0.7911105973319856,-0.6124577156139501,0.7628228011082971,-0.7821644542720179,-0.3217780455106414,0.7035431988715386,0.5510982703636222,-0.2469305337442107,-0.2960179286844462,0.7545606938185057,-0.10517162678119307,0.8188319398941237,-0.611543082642483,0.5261298186038719,0.021071051895337423,0.46869639723813394,0.013285805023643737,0.5095024332625979,0.9239555457805115,-0.7302239396799051,0.6744610463101739,0.77859926675982,0.06242916189202696,0.10513981607704848,-0.15937987742458049,0.7954315907890006,-0.9144111164397042,-0.2453111342039136,-0.17741679358486562,-0.6970930476150641,0.020337122590175394,0.14345290471087813,-0.015195048699850222,0.14539724320163638,-0.6895126256376516,-0.4925485675256631,-0.4351038856891227,0.9978532471774952,0.7843723727824927,0.9664876263430924,-0.14891734283085234,0.9888553520070806,-0.8782214684190894,-0.37637844052847624,-0.564308700124585,-0.20247967908568332,0.09389889045872435,-0.29905529035659173,0.5216714675977312,-0.2657533034302255,-0.15408554501721783,-0.9981919632611591,0.4476039000840877,0.309906241935316,0.09143456787596471,-0.8248033828392605,-0.6757424183256144,-0.8654092012781258,-0.5793785195638799,0.9219374649382059,-0.798393813024588,0.35243959266345315,-0.4971129079954193,-0.4642216504730081,-0.830502707680246,-0.7508186279168156,-0.8853356994412778,0.9835211952626173,-0.20709460426787984,-0.22838652935027248,0.3490730882169144,0.5225690497232485,0.3846788144231965,-0.18620464381868573,-0.17579053851837978,-0.08546826453393486,0.8629533161002607,-0.9289058284903946,0.8251847751742258,-0.4885445025599062,-0.21774474719188341,-0.3789533425803664,-0.5639541260967051,0.17803081458934678,0.15606829958040036,0.4331435675172808,0.284793062734245,-0.36296120659232534,0.19437826139298808,-0.7881558429520723,-0.9141152375450019,-0.4823604285812637,0.19063863729362485,-0.1522338573842672,-0.17209363907018238,0.7143562756059922,0.205691893817592,0.5060802198628498,0.47925787290079347,0.6258989387750642,-0.22758777686957798,0.08136571982082552,0.14893055338306915,-0.32879488193182427,-0.42130625558884294,-0.38603278048605416,0.8379252206875396,0.8121433453403686,0.6019872427547823,0.2830998994156455,-0.4755339233883662,0.49797889093830094,-0.20835377917546705,-0.19044111919885975,-0.3580538725283189,0.7984126393281952,0.5746275881473233,0.5788073624317387,0.5834443208027573,0.19402317855692175,-0.1723070819978494,0.8652406446356435,-0.7762387863486107,-0.5224486071760437,0.1533497480414825,0.31496300041547176,-0.502243112351727,-0.26650859382259506,-0.7350497479132669,-0.9955374005398283,0.9496550539635706,0.7291903553478614,-0.7772516288207283,0.27175951977886004,-0.24433632500528324,0.7791137992209425,-0.24464979049363733,0.05583868171509199,-0.6675056054588908,0.1814821286874997,0.6389824881692425,-0.43713737643108663,0.7920997225129729,-0.7382746076680411,-0.34984695315211134,-0.9707259691340044,-0.8702659319307988,-0.629631089297777,0.1570930960219692,0.5357487923594757,-0.43561996895522226,-0.952184154408267,-0.39638997507280305,0.9170378565899457,0.8213966743254244,-0.4942756449645431,0.6615376708961467,0.7574375510179463,0.5221703863033371,-0.2959757941253116,0.9246396561275381,-0.5035210945305049,0.6042700368954208,0.9343549703985585,-0.22975887598107647,0.011037511768003494,0.39313747983680525,0.2839561964351667,0.32789772113842663,-0.21305367227852923,0.558369971071186,0.9777923143058622,0.04162683761784258,0.23227074269368075,0.5667094587379262,0.9384073688373182,0.5920600304667372,0.1696606221847483,0.8328798799268515,-0.9748716256770973,0.3773192717672671,0.436752937576272,-0.0161442152120419,0.1157114418733114,-0.8776305581221013,-0.8676370237010465,0.25558680640354403,-0.7194552633422202,-0.6843382944298413,0.7930759636725631,-0.19352599656764324,0.388359585632873,-0.10115685500061744,0.6158084797795846,0.6832127510666408,0.4734543933521749,-0.05481390397624786,0.6831880516242359,-0.32561300650502645,0.540207404487465,-0.8980343424925112,0.3366225262044784,0.3523818715034097,0.8647527430663899,0.503817503671911,0.21466928018029385,-0.8675366853411213
54.50840771428194,0.9638076609263164,0.17213474064790546,-0.7477241631391003,0.7075434575706767,-0.15746473280852524,0.5010203277755982,0.9114690091916804,0.7178858888530151,-0.8587603873502889,-0.8238737411538888,-0.3967596950592158,-0.5066426001518469,-0.9688461048710657,-0.014596283162207069,-0.5284991594002886,-0.26017503449527535,0.044926228620710607,0.7363380053150916,0.164503017661644,0.6935184301171309,-0.991742680745364,-0.7553063275271086,0.7904548190575267,0.8434278554027048,-0.8381543616030771,-0.32032289328385577,-0.20635535309827624,0.7983565166102671,0.5111368471486821,-0.5626607540371076,0.5893738665249644,-0.16630588637721333,-0.8276671796305992,0.6654224625834093,0.8182341367542576,-0.8623353922863302,-0.19470184891034448,0.7129294350142454,-0.451632358348224,-0.5653837705965821,-0.6780596266016512,-0.8904591679394778,-0.9982826559079361,-0.9970477696457396,0.5240761519690176,-0.5246959349881806,0.8710470564916899,-0.1992236736363031,0.9618757890961618,-0.3124896557386261,-0.10369790626803232,-0.8600775483277923,0.18714623898592864,0.9473626345807944,0.842149972831,-0.31340777261183406,-0.03457514679097895,-0.28110699079702517,0.7911105973319856,-0.6124577156139501,0.7628228011082971,-0.7821644542720179,-0.3217780455106414,0.7035431988715386,0.5510982703636222,-0.2469305337442107,-0.2960179286844462,0.7545606938185057,-0.10517162678119307,0.8188319398941237,-0.611543082642483,0.5261298186038719,0.021071051895337423,0.46869639723813394,0.013285805023643737,0.5095024332625979,0.9239555457805115,-0.7302239396799051,0.6744610463101739,0.77859926675982,0.06242916189202696,0.10513981607704848,-0.15937987742458049,0.7954315907890006,-0.9144111164397042,-0.2453111342039136,-0.17741679358486562,-0.6970930476150641,0.020337122590175394,0.14345290471087813,-0.015195048699850222,0.14539724320163638,-0.6895126256376516,-0.4925485675256631,-0.4351038856891227,0.9978532471774952,0.7843723727824927,0.9664876263430924,-0.14891734283085234,0.9888553520070806,-0.8782214684190894,-0.37637844052847624,-0.564308700124585,-0.20247967908568332,0.09389889045872435,-0.29905529035659173,0.5216714675977312,-0.2657533034302255,-0.15408554501721783,-0.9981919632611591,0.4476039000840877,0.309906241935316,0.09143456787596471,-0.8248033828392605,-0.6757424183256144,-0.8654092012781258,-0.5793785195638799,0.9219374649382059,-0.798393813024588,0.35243959266345315,-0.4971129079954193,-0.4642216504730081,-0.830502707680246,-0.7508186279168156,-0.8853356994412778,0.9835211952626173,-0.20709460426787984,-0.22838652935027248,0.3490730882169144,0.5225690497232485,0.3846788144231965,-0.18620464381868573,-0.17579053851837978,-0.08546826453393486,0.8629533161002607,-0.9289058284903946,0.8251847751742258,-0.4885445025599062,-0.21774474719188341,-0.3789533425803664,-0.5639541260967051,0.17803081458934678,0.15606829958040036,0.4331435675172808,0.284793062734245,-0.36296120659232534,0.19437826139298808,-0.7881558429520723,-0.9141152375450019,-0.4823604285812637,0.19063863729362485,-0.1522338573842672,-0.17209363907018238,0.7143562756059922,0.205691893817592,0.5060802198628498,0.47925787290079347,0.6258989387750642,-0.22758777686957798,0.08136571982082552,0.14893055338306915,-0.32879488193182427,-0.42130625558884294,-0.38603278048605416,0.8379252206875396,0.8121433453403686,0.6019872427547823,0.2830998994156455,-0.4755339233883662,0.49797889093830094,-0.20835377917546705,-0.19044111919885975,-0.3580538725283189,0.7984126393281952,0.5746275881473233,0.5788073624317387,0.5834443208027573,0.19402317855692175,-0.1723070819978494,0.8652406446356435,-0.7762387863486107,-0.5224486071760437,0.1533497480414825,0.31496300041547176,-0.502243112351727,-0.26650859382259506,-0.7350497479132669,-0.9955374005398283,0.9496550539635706,0.7291903553478614,-0.7772516288207283,0.27175951977886004,-0.24433632500528324,0.7791137992209425,-0.24464979049363733,0.05583868171509199,-0.6675056054588908,0.1814821286874997,0.6389824881692425,-0.43713737643108663,0.7920997225129729,-0.7382746076680411,-0.34984695315211134,-0.9707259691340044,-0.8702659319307988,-0.629631089297777,0.1570930960219692,0.5357487923594757,-0.43561996895522226,-0.952184154408267,-0.39638997507280305,0.9170378565899457,0.8213966743254244,-0.4942756449645431,0.6615376708961467,0.7574375510179463,0.5221703863033371,-0.2959757941253116,0.9246396561275381,-0.5035210945305049,0.6042700368954208,0.9343549703985585,-0.22975887598107647,0.011037511768003494,0.39313747983680525,0.2839561964351667,0.32789772113842663,-0.21305367227852923,0.558369971071186,0.9777923143058622,0.04162683761784258,0.23227074269368075,0.5667094587379262,0.9384073688373182,0.5920600304667372,0.1696606221847483,0.8328798799268515,-0.9748716256770973,0.3773192717672671,0.436752937576272,-0.0161442152120419,0.1157114418733114,-0.8776305581221013,-0.8676370237010465,0.25558680640354403,-0.7194552633422202,-0.6843382944298413,0.7930759636725631,-0.19352599656764324,0.388359585632873,-0.10115685500061744,0.6158084797795846,0.6832127510666408,0.4734543933521749,-0.05481390397624786,0.6831880516242359,-0.32561300650502645,0.540207404487465,-0.8980343424925112,0.3366225262044784,0.3523818715034097,0.8647527430663899,0.503817503671911,0.21466928018029385,-0.8675366853411213
54.50840771428194,0.9638076609263164,0.17213474064790546,-0.7477241631391003,0.7075434575706767,-0.15746473280852524,0.5010203277755982,0.9114690091916804,0.7178858888530151,-0.8587603873502889,-0.8238737411538888,-0.3967596950592158,-0.5066426001518469,-0.9688461048710657,-0.014596283162207069,-0.5284991594002886,-0.26017503449527535,0.044926228620710607,0.7363380053150916,0.164503017661644,0.6935184301171309,-0.991742680745364,-0.7553063275271086,0.7904548190575267,0.8434278554027048,-0.8381543616030771,-0.32032289328385577,-0.20635535309827624,0.7983565166102671,0.5111368471486821,-0.5626607540371076,0.5893738665249644,-0.16630588637721333,-0.8276671796305992,0.6654224625834093,0.8182341367542576,-0.8623353922863302,-0.19470184891034448,0.7129294350142454,-0.451632358348224,-0.5653837705965821,-0.6780596266016512,-0.8904591679394778,-0.9982826559079361,-0.9970477696457396,0.5240761519690176,-0.5246959349881806,0.8710470564916899,-0.1992236736363031,0.9618757890961618,-0.3124896557386261,-0.10369790626803232,-0.8600775483277923,0.18714623898592864,0.9473626345807944,0.842149972831,-0.31340777261183406,-0.03457514679097895,-0.28110699079702517,0.7911105973319856,-0.6124577156139501,0.7628228011082971,-0.7821644542720179,-0.3217780455106414,0.7035431988715386,0.5510982703636222,-0.2469305337442107,-0.2960179286844462,0.7545606938185057,-0.10517162678119307,0.8188319398941237,-0.611543082642483,0.5261298186038719,0.021071051895337423,0.46869639723813394,0.013285805023643737,0.5095024332625979,0.9239555457805115,-0.7302239396799051,0.6744610463101739,0.77859926675982,0.06242916189202696,0.10513981607704848,-0.15937987742458049,0.7954315907890006,-0.9144111164397042,-0.2453111342039136,-0.17741679358486562,-0.6970930476150641,0.020337122590175394,0.14345290471087813,-0.015195048699850222,0.14539724320163638,-0.6895126256376516,-0.4925485675256631,-0.4351038856891227,0.9978532471774952,0.7843723727824927,0.9664876263430924,-0.14891734283085234,0.9888553520070806,-0.8782214684190894,-0.37637844052847624,-0.564308700124585,-0.20247967908568332,0.09389889045872435,-0.29905529035659173,0.5216714675977312,-0.2657533034302255,-0.15408554501721783,-0.9981919632611591,0.4476039000840877,0.309906241935316,0.09143456787596471,-0.8248033828392605,-0.6757424183256144,-0.8654092012781258,-0.5793785195638799,0.9219374649382059,-0.798393813024588,0.35243959266345315,-0.4971129079954193,-0.4642216504730081,-0.830502707680246,-0.7508186279168156,-0.8853356994412778,0.9835211952626173,-0.20709460426787984,-0.22838652935027248,0.3490730882169144,0.5225690497232485,0.3846788144231965,-0.18620464381868573,-0.17579053851837978,-0.08546826453393486,0.8629533161002607,-0.9289058284903946,0.8251847751742258,-0.4885445025599062,-0.21774474719188341,-0.3789533425803664,-0.5639541260967051,0.17803081458934678,0.15606829958040036,0.4331435675172808,0.284793062734245,-0.36296120659232534,0.19437826139298808,-0.7881558429520723,-0.9141152375450019,-0.4823604285812637,0.19063863729362485,-0.1522338573842672,-0.17209363907018238,0.7143562756059922,0.205691893817592,0.5060802198628498,0.47925787290079347,0.6258989387750642,-0.22758777686957798,0.08136571982082552,0.14893055338306915,-0.32879488193182427,-0.42130625558884294,-0.38603278048605416,0.8379252206875396,0.8121433453403686,0.6019872427547823,0.2830998994156455,-0.4755339233883662,0.49797889093830094,-0.20835377917546705,-0.19044111919885975,-0.3580538725283189,0.7984126393281952,0.5746275881473233,0.5788073624317387,0.5834443208027573,0.19402317855692175,-0.1723070819978494,0.8652406446356435,-0.7762387863486107,-0.5224486071760437,0.1533497480414825,0.31496300041547176,-0.502243112351727,-0.26650859382259506,-0.7350497479132669,-0.9955374005398283,0.9496550539635706,0.7291903553478614,-0.7772516288207283,0.27175951977886004,-0.24433632500528324,0.7791137992209425,-0.24464979049363733,0.05583868171509199,-0.6675056054588908,0.1814821286874997,0.6389824881692425,-0.43713737643108663,0.7920997225129729,-0.7382746076680411,-0.34984695315211134,-0.9707259691340044,-0.8702659319307988,-0.629631089297777,0.1570930960219692,0.5357487923594757,-0.43561996895522226,-0.952184154408267,-0.39638997507280305,0.9170378565899457,0.8213966743254244,-0.4942756449645431,0.6615376708961467,0.7574375510179463,0.5221703863033371,-0.2959757941253116,0.9246396561275381,-0.5035210945305049,0.6042700368954208,0.9343549703985585,-0.22975887598107647,0.011037511768003494,0.39313747983680525,0.2839561964351667,0.32789772113842663,-0.21305367227852923,0.558369971071186,0.9777923143058622,0.04162683761784258,0.23227074269368075,0.5667094587379262,0.9384073688373182,0.5920600304667372,0.1696606221847483,0.8328798799268515,-0.9748716256770973,0.3773192717672671,0.436752937576272,-0.0161442152120419,0.1157114418733114,-0.8776305581221013,-0.8676370237010465,0.25558680640354403,-0.7194552633422202,-0.6843382944298413,0.7930759636725631,-0.19352599656764324,0.388359585632873,-0.10115685500061744,0.6158084797795846,0.6832127510666408,0.4734543933521749,-0.05481390397624786,0.6831880516242359,-0.32561300650502645,0.540207404487465,-0.8980343424925112,0.3366225262044784,0.3523818715034097,0.8647527430663899,0.503817503671911,0.21466928018029385,-0.8675366853411213
54.50840771428194,0.9638076609263164,0.17213474064790546,-0.7477241631391003,0.7075434575706767,-0.15746473280852524,0.5010203277755982,0.9114690091916804,0.7178858888530151,-0.8587603873502889,-0.8238737411538888,-0.3967596950592158,-0.5066426001518469,-0.9688461048710657,-0.014596283162207069,-0.5284991594002886,-0.26017503449527535,0.044926228620710607,0.7363380053150916,0.164503017661644,0.6935184301171309,-0.991742680745364,-0.7553063275271086,0.7904548190575267,0.8434278554027048,-0.8381543616030771,-0.32032289328385577,-0.20635535309827624,0.7983565166102671,0.5111368471486821,-0.5626607540371076,0.5893738665249644,-0.16630588637721333,-0.8276671796305992,0.6654224625834093,0.8182341367542576,-0.8623353922863302,-0.19470184891034448,0.7129294350142454,-0.451632358348224,-0.5653837705965821,-0.6780596266016512,-0.8904591679394778,-0.9982826559079361,-0.9970477696457396,0.5240761519690176,-0.5246959349881806,0.8710470564916899,-0.1992236736363031,0.9618757890961618,-0.3124896557386261,-0.10369790626803232,-0.8600775483277923,0.18714623898592864,0.9473626345807944,0.842149972831,-0.31340777261183406,-0.03457514679097895,-0.28110699079702517,0.7911105973319856,-0.6124577156139501,0.7628228011082971,-0.7821644542720179,-0.3217780455106414,0.7035431988715386,0.5510982703636222,-0.2469305337442107,-0.2960179286844462,0.7545606938185057,-0.10517162678119307,0.8188319398941237,-0.611543082642483,0.5261298186038719,0.021071051895337423,0.46869639723813394,0.013285805023643737,0.5095024332625979,0.9239555457805115,-0.7302239396799051,0.6744610463101739,0.77859926675982,0.06242916189202696,0.10513981607704848,-0.15937987742458049,0.7954315907890006,-0.9144111164397042,-0.2453111342039136,-0.17741679358486562,-0.6970930476150641,0.020337122590175394,0.14345290471087813,-0.015195048699850222,0.14539724320163638,-0.6895126256376516,-0.4925485675256631,-0.4351038856891227,0.9978532471774952,0.7843723727824927,0.9664876263430924,-0.14891734283085234,0.9888553520070806,-0.8782214684190894,-0.37637844052847624,-0.564308700124585,-0.20247967908568332,0.09389889045872435,-0.29905529035659173,0.5216714675977312,-0.2657533034302255,-0.15408554501721783,-0.9981919632611591,0.4476039000840877,0.309906241935316,0.09143456787596471,-0.8248033828392605,-0.6757424183256144,-0.8654092012781258,-0.5793785195638799,0.9219374649382059,-0.798393813024588,0.35243959266345315,-0.4971129079954193,-0.4642216504730081,-0.830502707680246,-0.7508186279168156,-0.8853356994412778,0.9835211952626173,-0.20709460426787984,-0.22838652935027248,0.3490730882169144,0.5225690497232485,0.3846788144231965,-0.18620464381868573,-0.17579053851837978,-0.08546826453393486,0.8629533161002607,-0.9289058284903946,0.8251847751742258,-0.4885445025599062,-0.21774474719188341,-0.3789533425803664,-0.5639541260967051,0.17803081458934678,0.15606829958040036,0.4331435675172808,0.284793062734245,-0.36296120659232534,0.19437826139298808,-0.7881558429520723,-0.9141152375450019,-0.4823604285812637,0.19063863729362485,-0.1522338573842672,-0.17209363907018238,0.7143562756059922,0.205691893817592,0.5060802198628498,0.47925787290079347,0.6258989387750642,-0.22758777686957798,0.08136571982082552,0.14893055338306915,-0.32879488193182427,-0.42130625558884294,-0.38603278048605416,0.8379252206875396,0.8121433453403686,0.6019872427547823,0.2830998994156455,-0.4755339233883662,0.49797889093830094,-0.20835377917546705,-0.19044111919885975,-0.3580538725283189,0.7984126393281952,0.5746275881473233,0.5788073624317387,0.5834443208027573,0.19402317855692175,-0.1723070819978494,0.8652406446356435,-0.7762387863486107,-0.5224486071760437,0.1533497480414825,0.31496300041547176,-0.502243112351727,-0.26650859382259506,-0.7350497479132669,-0.9955374005398283,0.9496550539635706,0.7291903553478614,-0.7772516288207283,0.27175951977886004,-0.24433632500528324,0.7791137992209425,-0.24464979049363733,0.05583868171509199,-0.6675056054588908,0.1814821286874997,0.6389824881692425,-0.43713737643108663,0.7920997225129729,-0.7382746076680411,-0.34984695315211134,-0.9707259691340044,-0.8702659319307988,-0.629631089297777,0.1570930960219692,0.5357487923594757,-0.43561996895522226,-0.952184154408267,-0.39638997507280305,0.9170378565899457,0.8213966743254244,-0.4942756449645431,0.6615376708961467,0.7574375510179463,0.5221703863033371,-0.2959757941253116,0.9246396561275381,-0.5035210945305049,0.6042700368954208,0.9343549703985585,-0.22975887598107647,0.011037511768003494,0.39313747983680525,0.2839561964351667,0.32789772113842663,-0.21305367227852923,0.558369971071186,0.9777923143058622,0.04162683761784258,0.23227074269368075,0.5667094587379262,0.9384073688373182,0.5920600304667372,0.1696606221847483,0.8328798799268515,-0.9748716256770973,0.3773192717672671,0.436752937576272,-0.0161442152120419,0.1157114418733114,-0.8776305581221013,-0.8676370237010465,0.25558680640354403,-0.7194552633422202,-0.6843382944298413,0.7930759636725631,-0.19352599656764324,0.388359585632873,-0.10115685500061744,0.6158084797795846,0.6832127510666408,0.4734543933521749,-0.05481390397624786,0.6831880516242359,-0.32561300650502645,0.540207404487465,-0.8980343424925112,0.3366225262044784,0.3523818715034097,0.8647527430663899,0.503817503671911,0.21466928018029385,-0.8675366853411213
54.50840771428194,0.9638076609263164,0.17213474064790546,-0.7477241631391003,0.7075434575706767,-0.15746473280852524,0.5010203277755982,0.9114690091916804,0.7178858888530151,-0.8587603873502889,-0.8238737411538888,-0.3967596950592158,-0.5066426001518469,-0.9688461048710657,-0.014596283162207069,-0.5284991594002886,-0.26017503449527535,0.044926228620710607,0.7363380053150916,0.164503017661644,0.6935184301171309,-0.991742680745364,-0.7553063275271086,0.7904548190575267,0.8434278554027048,-0.8381543616030771,-0.32032289328385577,-0.20635535309827624,0.7983565166102671,0.5111368471486821,-0.5626607540371076,0.5893738665249644,-0.16630588637721333,-0.8276671796305992,0.6654224625834093,0.8182341367542576,-0.8623353922863302,-0.19470184891034448,0.7129294350142454,-0.451632358348224,-0.5653837705965821,-0.6780596266016512,-0.8904591679394778,-0.9982826559079361,-0.9970477696457396,0.5240761519690176,-0.5246959349881806,0.8710470564916899,-0.1992236736363031,0.9618757890961618,-0.3124896557386261,-0.10369790626803232,-0.8600775483277923,0.18714623898592864,0.9473626345807944,0.842149972831,-0.31340777261183406,-0.03457514679097895,-0.28110699079702517,0.7911105973319856,-0.6124577156139501,0.7628228011082971,-0.7821644542720179,-0.3217780455106414,0.7035431988715386,0.5510982703636222,-0.2469305337442107,-0.2960179286844462,0.7545606938185057,-0.10517162678119307,0.8188319398941237,-0.611543082642483,0.5261298186038719,0.021071051895337423,0.46869639723813394,0.013285805023643737,0.5095024332625979,0.9239555457805115,-0.7302239396799051,0.6744610463101739,0.77859926675982,0.06242916189202696,0.10513981607704848,-0.15937987742458049,0.7954315907890006,-0.9144111164397042,-0.2453111342039136,-0.17741679358486562,-0.6970930476150641,0.020337122590175394,0.14345290471087813,-0.015195048699850222,0.14539724320163638,-0.6895126256376516,-0.4925485675256631,-0.4351038856891227,0.9978532471774952,0.7843723727824927,0.9664876263430924,-0.14891734283085234,0.9888553520070806,-0.8782214684190894,-0.37637844052847624,-0.564308700124585,-0.20247967908568332,0.09389889045872435,-0.29905529035659173,0.5216714675977312,-0.2657533034302255,-0.15408554501721783,-0.9981919632611591,0.4476039000840877,0.309906241935316,0.09143456787596471,-0.8248033828392605,-0.6757424183256144,-0.8654092012781258,-0.5793785195638799,0.9219374649382059,-0.798393813024588,0.35243959266345315,-0.4971129079954193,-0.4642216504730081,-0.830502707680246,-0.7508186279168156,-0.8853356994412778,0.9835211952626173,-0.20709460426787984,-0.22838652935027248,0.3490730882169144,0.5225690497232485,0.3846788144231965,-0.18620464381868573,-0.17579053851837978,-0.08546826453393486,0.8629533161002607,-0.9289058284903946,0.8251847751742258,-0.4885445025599062,-0.21774474719188341,-0.3789533425803664,-0.5639541260967051,0.17803081458934678,0.15606829958040036,0.4331435675172808,0.284793062734245,-0.36296120659232534,0.19437826139298808,-0.7881558429520723,-0.9141152375450019,-0.4823604285812637,0.19063863729362485,-0.1522338573842672,-0.17209363907018238,0.7143562756059922,0.205691893817592,0.5060802198628498,0.47925787290079347,0.6258989387750642,-0.22758777686957798,0.08136571982082552,0.14893055338306915,-0.32879488193182427,-0.42130625558884294,-0.38603278048605416,0.8379252206875396,0.8121433453403686,0.6019872427547823,0.2830998994156455,-0.4755339233883662,0.49797889093830094,-0.20835377917546705,-0.19044111919885975,-0.3580538725283189,0.7984126393281952,0.5746275881473233,0.5788073624317387,0.5834443208027573,0.19402317855692175,-0.1723070819978494,0.8652406446356435,-0.7762387863486107,-0.5224486071760437,0.1533497480414825,0.31496300041547176,-0.502243112351727,-0.26650859382259506,-0.7350497479132669,-0.9955374005398283,0.9496550539635706,0.7291903553478614,-0.7772516288207283,0.27175951977886004,-0.24433632500528324,0.7791137992209425,-0.24464979049363733,0.05583868171509199,-0.6675056054588908,0.1814821286874997,0.6389824881692425,-0.43713737643108663,0.7920997225129729,-0.7382746076680411,-0.34984695315211134,-0.9707259691340044,-0.8702659319307988,-0.629631089297777,0.1570930960219692,0.5357487923594757,-0.43561996895522226,-0.952184154408267,-0.39638997507280305,0.9170378565899457,0.8213966743254244,-0.4942756449645431,0.6615376708961467,0.7574375510179463,0.5221703863033371,-0.2959757941253116,0.9246396561275381,-0.5035210945305049,0.6042700368954208,0.9343549703985585,-0.22975887598107647,0.011037511768003494,0.39313747983680525,0.2839561964351667,0.32789772113842663,-0.21305367227852923,0.558369971071186,0.9777923143058622,0.04162683761784258,0.23227074269368075,0.5667094587379262,0.9384073688373182,0.5920600304667372,0.1696606221847483,0.8328798799268515,-0.9748716256770973,0.3773192717672671,0.436752937576272,-0.0161442152120419,0.1157114418733114,-0.8776305581221013,-0.8676370237010465,0.25558680640354403,-0.7194552633422202,-0.6843382944298413,0.7930759636725631,-0.19352599656764324,0.388359585632873,-0.10115685500061744,0.6158084797795846,0.6832127510666408,0.4734543933521749,-0.05481390397624786,0.6831880516242359,-0.32561300650502645,0.540207404487465,-0.8980343424925112,0.3366225262044784,0.3523818715034097,0.8647527430663899,0.503817503671911,0.21466928018029385,-0.8675366853411213
54.50840771428194,0.9638076609263164,0.17213474064790546,-0.7477241631391003,0.7075434575706767,-0.15746473280852524,0.5010203277755982,0.9114690091916804,0.7178858888530151,-0.8587603873502889,-0.8238737411538888,-0.3967596950592158,-0.5066426001518469,-0.9688461048710657,-0.014596283162207069,-0.5284991594002886,-0.26017503449527535,0.044926228620710607,0.7363380053150916,0.164503017661644,0.6935184301171309,-0.991742680745364,-0.7553063275271086,0.7904548190575267,0.8434278554027048,-0.8381543616030771,-0.32032289328385577,-0.20635535309827624,0.7983565166102671,0.5111368471486821,-0.5626607540371076,0.5893738665249644,-0.16630588637721333,-0.8276671796305992,0.6654224625834093,0.8182341367542576,-0.8623353922863302,-0.19470184891034448,0.7129294350142454,-0.451632358348224,-0.5653837705965821,-0.6780596266016512,-0.8904591679394778,-0.9982826559079361,-0.9970477696457396,0.5240761519690176,-0.5246959349881806,0.8710470564916899,-0.1992236736363031,0.9618757890961618,-0.3124896557386261,-0.10369790626803232,-0.8600775483277923,0.18714623898592864,0.9473626345807944,0.842149972831,-0.31340777261183406,-0.03457514679097895,-0.28110699079702517,0.7911105973319856,-0.6124577156139501,0.7628228011082971,-0.7821644542720179,-0.3217780455106414,0.7035431988715386,0.5510982703636222,-0.2469305337442107,-0.2960179286844462,0.7545606938185057,-0.10517162678119307,0.8188319398941237,-0.611543082642483,0.5261298186038719,0.021071051895337423,0.46869639723813394,0.013285805023643737,0.5095024332625979,0.9239555457805115,-0.7302239396799051,0.6744610463101739,0.77859926675982,0.06242916189202696,0.10513981607704848,-0.15937987742458049,0.7954315907890006,-0.9144111164397042,-0.2453111342039136,-0.17741679358486562,-0.6970930476150641,0.020337122590175394,0.14345290471087813,-0.015195048699850222,0.14539724320163638,-0.6895126256376516,-0.4925485675256631,-0.4351038856891227,0.9978532471774952,0.7843723727824927,0.9664876263430924,-0.14891734283085234,0.9888553520070806,-0.8782214684190894,-0.37637844052847624,-0.564308700124585,-0.20247967908568332,0.09389889045872435,-0.29905529035659173,0.5216714675977312,-0.2657533034302255,-0.15408554501721783,-0.9981919632611591,0.4476039000840877,0.309906241935316,0.09143456787596471,-0.8248033828392605,-0.6757424183256144,-0.8654092012781258,-0.5793785195638799,0.9219374649382059,-0.798393813024588,0.35243959266345315,-0.4971129079954193,-0.4642216504730081,-0.830502707680246,-0.7508186279168156,-0.8853356994412778,0.9835211952626173,-0.20709460426787984,-0.22838652935027248,0.3490730882169144,0.5225690497232485,0.3846788144231965,-0.18620464381868573,-0.17579053851837978,-0.08546826453393486,0.8629533161002607,-0.9289058284903946,0.8251847751742258,-0.4885445025599062,-0.21774474719188341,-0.3789533425803664,-0.5639541260967051,0.17803081458934678,0.15606829958040036,0.4331435675172808,0.284793062734245,-0.36296120659232534,0.19437826139298808,-0.7881558429520723,-0.9141152375450019,-0.4823604285812637,0.19063863729362485,-0.1522338573842672,-0.17209363907018238,0.7143562756059922,0.205691893817592,0.5060802198628498,0.47925787290079347,0.6258989387750642,-0.22758777686957798,0.08136571982082552,0.14893055338306915,-0.32879488193182427,-0.42130625558884294,-0.38603278048605416,0.8379252206875396,0.8121433453403686,0.6019872427547823,0.2830998994156455,-0.4755339233883662,0.49797889093830094,-0.20835377917546705,-0.19044111919885975,-0.3580538725283189,0.7984126393281952,0.5746275881473233,0.5788073624317387,0.5834443208027573,0.19402317855692175,-0.1723070819978494,0.8652406446356435,-0.7762387863486107,-0.5224486071760437,0.1533497480414825,0.31496300041547176,-0.502243112351727,-0.26650859382259506,-0.7350497479132669,-0.9955374005398283,0.9496550539635706,0.7291903553478614,-0.7772516288207283,0.27175951977886004,-0.24433632500528324,0.7791137992209425,-0.24464979049363733,0.05583868171509199,-0.6675056054588908,0.1814821286874997,0.6389824881692425,-0.43713737643108663,0.7920997225129729,-0.7382746076680411,-0.34984695315211134,-0.9707259691340044,-0.8702659319307988,-0.629631089297777,0.1570930960219692,0.5357487923594757,-0.43561996895522226,-0.952184154408267,-0.39638997507280305,0.9170378565899457,0.8213966743254244,-0.4942756449645431,0.6615376708961467,0.7574375510179463,0.5221703863033371,-0.2959757941253116,0.9246396561275381,-0.5035210945305049,0.6042700368954208,0.9343549703985585,-0.22975887598107647,0.011037511768003494,0.39313747983680525,0.2839561964351667,0.32789772113842663,-0.21305367227852923,0.558369971071186,0.9777923143058622,0.04162683761784258,0.23227074269368075,0.5667094587379262,0.9384073688373182,0.5920600304667372,0.1696606221847483,0.8328798799268515,-0.9748716256770973,0.3773192717672671,0.436752937576272,-0.0161442152120419,0.1157114418733114,-0.8776305581221013,-0.8676370237010465,0.25558680640354403,-0.7194552633422202,-0.6843382944298413,0.7930759636725631,-0.19352599656764324,0.388359585632873,-0.10115685500061744,0.6158084797795846,0.6832127510666408,0.4734543933521749,-0.05481390397624786,0.6831880516242359,-0.32561300650502645,0.540207404487465,-0.8980343424925112,0.3366225262044784,0.3523818715034097,0.8647527430663899,0.503817503671911,0.21466928018029385,-0.8675366853411213
54.50840771428194,0.9638076609263164,0.17213474064790546,-0.7477241631391003,0.7075434575706767,-0.15746473280852524,0.5010203277755982,0.9114690091916804,0.7178858888530151,-0.8587603873502889,-0.8238737411538888,-0.3967596950592158,-0.5066426001518469,-0.9688461048710657,-0.014596283162207069,-0.5284991594002886,-0.26017503449527535,0.044926228620710607,0.7363380053150916,0.164503017661644,0.6935184301171309,-0.991742680745364,-0.7553063275271086,0.7904548190575267,0.8434278554027048,-0.8381543616030771,-0.32032289328385577,-0.20635535309827624,0.7983565166102671,0.5111368471486821,-0.5626607540371076,0.5893738665249644,-0.16630588637721333,-0.8276671796305992,0.6654224625834093,0.8182341367542576,-0.8623353922863302,-0.19470184891034448,0.7129294350142454,-0.451632358348224,-0.5653837705965821,-0.6780596266016512,-0.8904591679394778,-0.9982826559079361,-0.9970477696457396,0.5240761519690176,-0.5246959349881806,0.8710470564916899,-0.1992236736363031,0.9618757890961618,-0.3124896557386261,-0.10369790626803232,-0.8600775483277923,0.18714623898592864,0.9473626345807944,0.842149972831,-0.31340777261183406,-0.03457514679097895,-0.28110699079702517,0.7911105973319856,-0.6124577156139501,0.7628228011082971,-0.7821644542720179,-0.3217780455106414,0.7035431988715386,0.5510982703636222,-0.2469305337442107,-0.2960179286844462,0.7545606938185057,-0.10517162678119307,0.8188319398941237,-0.611543082642483,0.5261298186038719,0.021071051895337423,0.46869639723813394,0.013285805023643737,0.5095024332625979,0.9239555457805115,-0.7302239396799051,0.6744610463101739,0.77859926675982,0.06242916189202696,0.10513981607704848,-0.15937987742458049,0.7954315907890006,-0.9144111164397042,-0.2453111342039136,-0.17741679358486562,-0.6970930476150641,0.020337122590175394,0.14345290471087813,-0.015195048699850222,0.14539724320163638,-0.6895126256376516,-0.4925485675256631,-0.4351038856891227,0.9978532471774952,0.7843723727824927,0.9664876263430924,-0.14891734283085234,0.9888553520070806,-0.8782214684190894,-0.37637844052847624,-0.564308700124585,-0.20247967908568332,0.09389889045872435,-0.29905529035659173,0.5216714675977312,-0.2657533034302255,-0.15408554501721783,-0.9981919632611591,0.4476039000840877,0.309906241935316,0.09143456787596471,-0.8248033828392605,-0.6757424183256144,-0.8654092012781258,-0.5793785195638799,0.9219374649382059,-0.798393813024588,0.35243959266345315,-0.4971129079954193,-0.4642216504730081,-0.830502707680246,-0.7508186279168156,-0.8853356994412778,0.9835211952626173,-0.20709460426787984,-0.22838652935027248,0.3490730882169144,0.5225690497232485,0.3846788144231965,-0.18620464381868573,-0.17579053851837978,-0.08546826453393486,0.8629533161002607,-0.9289058284903946,0.8251847751742258,-0.4885445025599062,-0.21774474719188341,-0.3789533425803664,-0.5639541260967051,0.17803081458934678,0.15606829958040036,0.4331435675172808,0.284793062734245,-0.36296120659232534,0.19437826139298808,-0.7881558429520723,-0.9141152375450019,-0.4823604285812637,0.19063863729362485,-0.1522338573842672,-0.17209363907018238,0.7143562756059922,0.205691893817592,0.5060802198628498,0.47925787290079347,0.6258989387750642,-0.22758777686957798,0.08136571982082552,0.14893055338306915,-0.32879488193182427,-0.42130625558884294,-0.38603278048605416,0.8379252206875396,0.8121433453403686,0.6019872427547823,0.2830998994156455,-0.4755339233883662,0.49797889093830094,-0.20835377917546705,-0.19044111919885975,-0.3580538725283189,0.7984126393281952,0.5746275881473233,0.5788073624317387,0.5834443208027573,0.19402317855692175,-0.1723070819978494,0.8652406446356435,-0.7762387863486107,-0.5224486071760437,0.1533497480414825,0.31496300041547176,-0.502243112351727,-0.26650859382259506,-0.7350497479132669,-0.9955374005398283,0.9496550539635706,0.7291903553478614,-0.7772516288207283,0.27175951977886004,-0.24433632500528324,0.7791137992209425,-0.24464979049363733,0.05583868171509199,-0.6675056054588908,0.1814821286874997,0.6389824881692425,-0.43713737643108663,0.7920997225129729,-0.7382746076680411,-0.34984695315211134,-0.9707259691340044,-0.8702659319307988,-0.629631089297777,0.1570930960219692,0.5357487923594757,-0.43561996895522226,-0.952184154408267,-0.39638997507280305,0.9170378565899457,0.8213966743254244,-0.4942756449645431,0.6615376708961467,0.7574375510179463,0.5221703863033371,-0.2959757941253116,0.9246396561275381,-0.5035210945305049,0.6042700368954208,0.9343549703985585,-0.22975887598107647,0.011037511768003494,0.39313747983680525,0.2839561964351667,0.32789772113842663,-0.21305367227852923,0.558369971071186,0.9777923143058622,0.04162683761784258,0.23227074269368075,0.5667094587379262,0.9384073688373182,0.5920600304667372,0.1696606221847483,0.8328798799268515,-0.9748716256770973,0.3773192717672671,0.436752937576272,-0.0161442152120419,0.1157114418733114,-0.8776305581221013,-0.8676370237010465,0.25558680640354403,-0.7194552633422202,-0.6843382944298413,0.7930759636725631,-0.19352599656764324,0.388359585632873,-0.10115685500061744,0.6158084797795846,0.6832127510666408,0.4734543933521749,-0.05481390397624786,0.6831880516242359,-0.32561300650502645,0.540207404487465,-0.8980343424925112,0.3366225262044784,0.3523818715034097,0.8647527430663899,0.503817503671911,0.21466928018029385,-0.8675366853411213
54.50840771428194,0.9638076609263164,0.17213474064790546,-0.7477241631391003,0.7075434575706767,-0.15746473280852524,0.5010203277755982,0.9114690091916804,0.7178858888530151,-0.8587603873502889,-0.8238737411538888,-0.3967596950592158,-0.5066426001518469,-0.9688461048710657,-0.014596283162207069,-0.5284991594002886,-0.26017503449527535,0.044926228620710607,0.7363380053150916,0.164503017661644,0.6935184301171309,-0.991742680745364,-0.7553063275271086,0.7904548190575267,0.8434278554027048,-0.8381543616030771,-0.32032289328385577,-0.20635535309827624,0.7983565166102671,0.5111368471486821,-0.5626607540371076,0.5893738665249644,-0.16630588637721333,-0.8276671796305992,0.6654224625834093,0.8182341367542576,-0.8623353922863302,-0.19470184891034448,0.7129294350142454,-0.451632358348224,-0.5653837705965821,-0.6780596266016512,-0.8904591679394778,-0.9982826559079361,-0.9970477696457396,0.5240761519690176,-0.5246959349881806,0.8710470564916899,-0.1992236736363031,0.9618757890961618,-0.3124896557386261,-0.10369790626803232,-0.8600775483277923,0.18714623898592864,0.9473626345807944,0.842149972831,-0.31340777261183406,-0.03457514679097895,-0.28110699079702517,0.7911105973319856,-0.6124577156139501,0.7628228011082971,-0.7821644542720179,-0.3217780455106414,0.7035431988715386,0.5510982703636222,-0.2469305337442107,-0.2960179286844462,0.7545606938185057,-0.10517162678119307,0.8188319398941237,-0.611543082642483,0.5261298186038719,0.021071051895337423,0.46869639723813394,0.013285805023643737,0.5095024332625979,0.9239555457805115,-0.7302239396799051,0.6744610463101739,0.77859926675982,0.06242916189202696,0.10513981607704848,-0.15937987742458049,0.7954315907890006,-0.9144111164397042,-0.2453111342039136,-0.17741679358486562,-0.6970930476150641,0.020337122590175394,0.14345290471087813,-0.015195048699850222,0.14539724320163638,-0.6895126256376516,-0.4925485675256631,-0.4351038856891227,0.9978532471774952,0.7843723727824927,0.9664876263430924,-0.14891734283085234,0.9888553520070806,-0.8782214684190894,-0.37637844052847624,-0.564308700124585,-0.20247967908568332,0.09389889045872435,-0.29905529035659173,0.5216714675977312,-0.2657533034302255,-0.15408554501721783,-0.9981919632611591,0.4476039000840877,0.309906241935316,0.09143456787596471,-0.8248033828392605,-0.6757424183256144,-0.8654092012781258,-0.5793785195638799,0.9219374649382059,-0.798393813024588,0.35243959266345315,-0.4971129079954193,-0.4642216504730081,-0.830502707680246,-0.7508186279168156,-0.8853356994412778,0.9835211952626173,-0.20709460426787984,-0.22838652935027248,0.3490730882169144,0.5225690497232485,0.3846788144231965,-0.18620464381868573,-0.17579053851837978,-0.08546826453393486,0.8629533161002607,-0.9289058284903946,0.8251847751742258,-0.4885445025599062,-0.21774474719188341,-0.3789533425803664,-0.5639541260967051,0.17803081458934678,0.15606829958040036,0.4331435675172808,0.284793062734245,-0.36296120659232534,0.19437826139298808,-0.7881558429520723,-0.9141152375450019,-0.4823604285812637,0.19063863729362485,-0.1522338573842672,-0.17209363907018238,0.7143562756059922,0.205691893817592,0.5060802198628498,0.47925787290079347,0.6258989387750642,-0.22758777686957798,0.08136571982082552,0.14893055338306915,-0.32879488193182427,-0.42130625558884294,-0.38603278048605416,0.8379252206875396,0.8121433453403686,0.6019872427547823,0.2830998994156455,-0.4755339233883662,0.49797889093830094,-0.20835377917546705,-0.19044111919885975,-0.3580538725283189,0.7984126393281952,0.5746275881473233,0.5788073624317387,0.5834443208027573,0.19402317855692175,-0.1723070819978494,0.8652406446356435,-0.7762387863486107,-0.5224486071760437,0.1533497480414825,0.31496300041547176,-0.502243112351727,-0.26650859382259506,-0.7350497479132669,-0.9955374005398283,0.9496550539635706,0.7291903553478614,-0.7772516288207283,0.27175951977886004,-0.24433632500528324,0.7791137992209425,-0.24464979049363733,0.05583868171509199,-0.6675056054588908,0.1814821286874997,0.6389824881692425,-0.43713737643108663,0.7920997225129729,-0.7382746076680411,-0.34984695315211134,-0.9707259691340044,-0.8702659319307988,-0.629631089297777,0.1570930960219692,0.5357487923594757,-0.43561996895522226,-0.952184154408267,-0.39638997507280305,0.9170378565899457,0.8213966743254244,-0.4942756449645431,0.6615376708961467,0.7574375510179463,0.5221703863033371,-0.2959757941253116,0.9246396561275381,-0.5035210945305049,0.6042700368954208,0.9343549703985585,-0.22975887598107647,0.011037511768003494,0.39313747983680525,0.2839561964351667,0.32789772113842663,-0.21305367227852923,0.558369971071186,0.9777923143058622,0.04162683761784258,0.23227074269368075,0.5667094587379262,0.9384073688373182,0.5920600304667372,0.1696606221847483,0.8328798799268515,-0.9748716256770973,0.3773192717672671,0.436752937576272,-0.0161442152120419,0.1157114418733114,-0.8776305581221013,-0.8676370237010465,0.25558680640354403,-0.7194552633422202,-0.6843382944298413,0.7930759636725631,-0.19352599656764324,0.388359585632873,-0.10115685500061744,0.6158084797795846,0.6832127510666408,0.4734543933521749,-0.05481390397624786,0.6831880516242359,-0.32561300650502645,0.540207404487465,-0.8980343424925112,0.3366225262044784,0.3523818715034097,0.8647527430663899,0.503817503671911,0.21466928018029385,-0.8675366853411213
54.50840771428194,0.9638076609263164,0.17213474064790546,-0.7477241631391003,0.7075434575706767,-0.15746473280852524,0.5010203277755982,0.9114690091916804,0.7178858888530151,-0.8587603873502889,-0.8238737411538888,-0.3967596950592158,-0.5066426001518469,-0.9688461048710657,-0.014596283162207069,-0.5284991594002886,-0.26017503449527535,0.044926228620710607,0.7363380053150916,0.164503017661644,0.6935184301171309,-0.991742680745364,-0.7553063275271086,0.7904548190575267,0.8434278554027048,-0.8381543616030771,-0.32032289328385577,-0.20635535309827624,0.7983565166102671,0.5111368471486821,-0.5626607540371076,0.5893738665249644,-0.16630588637721333,-0.8276671796305992,0.6654224625834093,0.8182341367542576,-0.8623353922863302,-0.19470184891034448,0.7129294350142454,-0.451632358348224,-0.5653837705965821,-0.6780596266016512,-0.8904591679394778,-0.9982826559079361,-0.9970477696457396,0.5240761519690176,-0.5246959349881806,0.8710470564916899,-0.1992236736363031,0.9618757890961618,-0.3124896557386261,-0.10369790626803232,-0.8600775483277923,0.18714623898592864,0.9473626345807944,0.842149972831,-0.31340777261183406,-0.03457514679097895,-0.28110699079702517,0.7911105973319856,-0.6124577156139501,0.7628228011082971,-0.7821644542720179,-0.3217780455106414,0.7035431988715386,0.5510982703636222,-0.2469305337442107,-0.2960179286844462,0.7545606938185057,-0.10517162678119307,0.8188319398941237,-0.611543082642483,0.5261298186038719,0.021071051895337423,0.46869639723813394,0.013285805023643737,0.5095024332625979,0.9239555457805115,-0.7302239396799051,0.6744610463101739,0.77859926675982,0.06242916189202696,0.10513981607704848,-0.15937987742458049,0.7954315907890006,-0.9144111164397042,-0.2453111342039136,-0.17741679358486562,-0.6970930476150641,0.020337122590175394,0.14345290471087813,-0.015195048699850222,0.14539724320163638,-0.6895126256376516,-0.4925485675256631,-0.4351038856891227,0.9978532471774952,0.7843723727824927,0.9664876263430924,-0.14891734283085234,0.9888553520070806,-0.8782214684190894,-0.37637844052847624,-0.564308700124585,-0.20247967908568332,0.09389889045872435,-0.29905529035659173,0.5216714675977312,-0.2657533034302255,-0.15408554501721783,-0.9981919632611591,0.4476039000840877,0.309906241935316,0.09143456787596471,-0.8248033828392605,-0.6757424183256144,-0.8654092012781258,-0.5793785195638799,0.9219374649382059,-0.798393813024588,0.35243959266345315,-0.4971129079954193,-0.4642216504730081,-0.830502707680246,-0.7508186279168156,-0.8853356994412778,0.9835211952626173,-0.20709460426787984,-0.22838652935027248,0.3490730882169144,0.5225690497232485,0.3846788144231965,-0.18620464381868573,-0.17579053851837978,-0.08546826453393486,0.8629533161002607,-0.9289058284903946,0.8251847751742258,-0.4885445025599062,-0.21774474719188341,-0.3789533425803664,-0.5639541260967051,0.17803081458934678,0.15606829958040036,0.4331435675172808,0.284793062734245,-0.36296120659232534,0.19437826139298808,-0.7881558429520723,-0.9141152375450019,-0.4823604285812637,0.19063863729362485,-0.1522338573842672,-0.17209363907018238,0.7143562756059922,0.205691893817592,0.5060802198628498,0.47925787290079347,0.6258989387750642,-0.22758777686957798,0.08136571982082552,0.14893055338306915,-0.32879488193182427,-0.42130625558884294,-0.38603278048605416,0.8379252206875396,0.8121433453403686,0.6019872427547823,0.2830998994156455,-0.4755339233883662,0.49797889093830094,-0.20835377917546705,-0.19044111919885975,-0.3580538725283189,0.7984126393281952,0.5746275881473233,0.5788073624317387,0.5834443208027573,0.19402317855692175,-0.1723070819978494,0.8652406446356435,-0.7762387863486107,-0.5224486071760437,0.1533497480414825,0.31496300041547176,-0.502243112351727,-0.26650859382259506,-0.7350497479132669,-0.9955374005398283,0.9496550539635706,0.7291903553478614,-0.7772516288207283,0.27175951977886004,-0.24433632500528324,0.7791137992209425,-0.24464979049363733,0.05583868171509199,-0.6675056054588908,0.1814821286874997,0.6389824881692425,-0.43713737643108663,0.7920997225129729,-0.7382746076680411,-0.34984695315211134,-0.9707259691340044,-0.8702659319307988,-0.629631089297777,0.1570930960219692,0.5357487923594757,-0.43561996895522226,-0.952184154408267,-0.39638997507280305,0.9170378565899457,0.8213966743254244,-0.4942756449645431,0.6615376708961467,0.7574375510179463,0.5221703863033371,-0.2959757941253116,0.9246396561275381,-0.5035210945305049,0.6042700368954208,0.9343549703985585,-0.22975887598107647,0.011037511768003494,0.39313747983680525,0.2839561964351667,0.32789772113842663,-0.21305367227852923,0.558369971071186,0.9777923143058622,0.04162683761784258,0.23227074269368075,0.5667094587379262,0.9384073688373182,0.5920600304667372,0.1696606221847483,0.8328798799268515,-0.9748716256770973,0.3773192717672671,0.436752937576272,-0.0161442152120419,0.1157114418733114,-0.8776305581221013,-0.8676370237010465,0.25558680640354403,-0.7194552633422202,-0.6843382944298413,0.7930759636725631,-0.19352599656764324,0.388359585632873,-0.10115685500061744,0.6158084797795846,0.6832127510666408,0.4734543933521749,-0.05481390397624786,0.6831880516242359,-0.32561300650502645,0.540207404487465,-0.8980343424925112,0.3366225262044784,0.3523818715034097,0.8647527430663899,0.503817503671911,0.21466928018029385,-0.8675366853411213
54.50840771428194,0.9638076609263164,0.17213474064790546,-0.7477241631391003,0.7075434575706767,-0.15746473280852524,0.5010203277755982,0.9114690091916804,0.7178858888530151,-0.8587603873502889,-0.8238737411538888,-0.3967596950592158,-0.5066426001518469,-0.9688461048710657,-0.014596283162207069,-0.5284991594002886,-0.26017503449527535,0.044926228620710607,0.7363380053150916,0.164503017661644,0.6935184301171309,-0.991742680745364,-0.7553063275271086,0.7904548190575267,0.8434278554027048,-0.8381543616030771,-0.32032289328385577,-0.20635535309827624,0.7983565166102671,0.5111368471486821,-0.5626607540371076,0.5893738665249644,-0.16630588637721333,-0.8276671796305992,0.6654224625834093,0.8182341367542576,-0.8623353922863302,-0.19470184891034448,0.7129294350142454,-0.451632358348224,-0.5653837705965821,-0.6780596266016512,-0.8904591679394778,-0.9982826559079361,-0.9970477696457396,0.5240761519690176,-0.5246959349881806,0.8710470564916899,-0.1992236736363031,0.9618757890961618,-0.3124896557386261,-0.10369790626803232,-0.8600775483277923,0.18714623898592864,0.9473626345807944,0.842149972831,-0.31340777261183406,-0.03457514679097895,-0.28110699079702517,0.7911105973319856,-0.6124577156139501,0.7628228011082971,-0.7821644542720179,-0.3217780455106414,0.7035431988715386,0.5510982703636222,-0.2469305337442107,-0.2960179286844462,0.7545606938185057,-0.10517162678119307,0.8188319398941237,-0.611543082642483,0.5261298186038719,0.021071051895337423,0.46869639723813394,0.013285805023643737,0.5095024332625979,0.9239555457805115,-0.7302239396799051,0.6744610463101739,0.77859926675982,0.06242916189202696,0.10513981607704848,-0.15937987742458049,0.7954315907890006,-0.9144111164397042,-0.2453111342039136,-0.17741679358486562,-0.6970930476150641,0.020337122590175394,0.14345290471087813,-0.015195048699850222,0.14539724320163638,-0.6895126256376516,-0.4925485675256631,-0.4351038856891227,0.9978532471774952,0.7843723727824927,0.9664876263430924,-0.14891734283085234,0.9888553520070806,-0.8782214684190894,-0.37637844052847624,-0.564308700124585,-0.20247967908568332,0.09389889045872435,-0.29905529035659173,0.5216714675977312,-0.2657533034302255,-0.15408554501721783,-0.9981919632611591,0.4476039000840877,0.309906241935316,0.09143456787596471,-0.8248033828392605,-0.6757424183256144,-0.8654092012781258,-0.5793785195638799,0.9219374649382059,-0.798393813024588,0.35243959266345315,-0.4971129079954193,-0.4642216504730081,-0.830502707680246,-0.7508186279168156,-0.8853356994412778,0.9835211952626173,-0.20709460426787984,-0.22838652935027248,0.3490730882169144,0.5225690497232485,0.3846788144231965,-0.18620464381868573,-0.17579053851837978,-0.08546826453393486,0.8629533161002607,-0.9289058284903946,0.8251847751742258,-0.4885445025599062,-0.21774474719188341,-0.3789533425803664,-0.5639541260967051,0.17803081458934678,0.15606829958040036,0.4331435675172808,0.284793062734245,-0.36296120659232534,0.19437826139298808,-0.7881558429520723,-0.9141152375450019,-0.4823604285812637,0.19063863729362485,-0.1522338573842672,-0.17209363907018238,0.7143562756059922,0.205691893817592,0.5060802198628498,0.47925787290079347,0.6258989387750642,-0.22758777686957798,0.08136571982082552,0.14893055338306915,-0.32879488193182427,-0.42130625558884294,-0.38603278048605416,0.8379252206875396,0.8121433453403686,0.6019872427547823,0.2830998994156455,-0.4755339233883662,0.49797889093830094,-0.20835377917546705,-0.19044111919885975,-0.3580538725283189,0.7984126393281952,0.5746275881473233,0.5788073624317387,0.5834443208027573,0.19402317855692175,-0.1723070819978494,0.8652406446356435,-0.7762387863486107,-0.5224486071760437,0.1533497480414825,0.31496300041547176,-0.502243112351727,-0.26650859382259506,-0.7350497479132669,-0.9955374005398283,0.9496550539635706,0.7291903553478614,-0.7772516288207283,0.27175951977886004,-0.24433632500528324,0.7791137992209425,-0.24464979049363733,0.05583868171509199,-0.6675056054588908,0.1814821286874997,0.6389824881692425,-0.43713737643108663,0.7920997225129729,-0.7382746076680411,-0.34984695315211134,-0.9707259691340044,-0.8702659319307988,-0.629631089297777,0.1570930960219692,0.5357487923594757,-0.43561996895522226,-0.952184154408267,-0.39638997507280305,0.9170378565899457,0.8213966743254244,-0.4942756449645431,0.6615376708961467,0.7574375510179463,0.5221703863033371,-0.2959757941253116,0.9246396561275381,-0.5035210945305049,0.6042700368954208,0.9343549703985585,-0.22975887598107647,0.011037511768003494,0.39313747983680525,0.2839561964351667,0.32789772113842663,-0.21305367227852923,0.558369971071186,0.9777923143058622,0.04162683761784258,0.23227074269368075,0.5667094587379262,0.9384073688373182,0.5920600304667372,0.1696606221847483,0.8328798799268515,-0.9748716256770973,0.3773192717672671,0.436752937576272,-0.0161442152120419,0.1157114418733114,-0.8776305581221013,-0.8676370237010465,0.25558680640354403,-0.7194552633422202,-0.6843382944298413,0.7930759636725631,-0.19352599656764324,0.388359585632873,-0.10115685500061744,0.6158084797795846,0.6832127510666408,0.4734543933521749,-0.05481390397624786,0.6831880516242359,-0.32561300650502645,0.540207404487465,-0.8980343424925112,0.3366225262044784,0.3523818715034097,0.8647527430663899,0.503817503671911,0.21466928018029385,-0.8675366853411213
54.50840771428194,0.9638076609263164,0.17213474064790546,-0.7477241631391003,0.7075434575706767,-0.15746473280852524,0.5010203277755982,0.9114690091916804,0.7178858888530151,-0.8587603873502889,-0.8238737411538888,-0.3967596950592158,-0.5066426001518469,-0.9688461048710657,-0.014596283162207069,-0.5284991594002886,-0.26017503449527535,0.044926228620710607,0.7363380053150916,0.164503017661644,0.6935184301171309,-0.991742680745364,-0.7553063275271086,0.7904548190575267,0.8434278554027048,-0.8381543616030771,-0.32032289328385577,-0.20635535309827624,0.7983565166102671,0.5111368471486821,-0.5626607540371076,0.5893738665249644,-0.16630588637721333,-0.8276671796305992,0.6654224625834093,0.8182341367542576,-0.8623353922863302,-0.19470184891034448,0.7129294350142454,-0.451632358348224,-0.5653837705965821,-0.6780596266016512,-0.8904591679394778,-0.9982826559079361,-0.9970477696457396,0.5240761519690176,-0.5246959349881806,0.8710470564916899,-0.1992236736363031,0.9618757890961618,-0.3124896557386261,-0.10369790626803232,-0.8600775483277923,0.18714623898592864,0.9473626345807944,0.842149972831,-0.31340777261183406,-0.03457514679097895,-0.28110699079702517,0.7911105973319856,-0.6124577156139501,0.7628228011082971,-0.7821644542720179,-0.3217780455106414,0.7035431988715386,0.5510982703636222,-0.2469305337442107,-0.2960179286844462,0.7545606938185057,-0.10517162678119307,0.8188319398941237,-0.611543082642483,0.5261298186038719,0.021071051895337423,0.46869639723813394,0.013285805023643737,0.5095024332625979,0.9239555457805115,-0.7302239396799051,0.6744610463101739,0.77859926675982,0.06242916189202696,0.10513981607704848,-0.15937987742458049,0.7954315907890006,-0.9144111164397042,-0.2453111342039136,-0.17741679358486562,-0.6970930476150641,0.020337122590175394,0.14345290471087813,-0.015195048699850222,0.14539724320163638,-0.6895126256376516,-0.4925485675256631,-0.4351038856891227,0.9978532471774952,0.7843723727824927,0.9664876263430924,-0.14891734283085234,0.9888553520070806,-0.8782214684190894,-0.37637844052847624,-0.564308700124585,-0.20247967908568332,0.09389889045872435,-0.29905529035659173,0.5216714675977312,-0.2657533034302255,-0.15408554501721783,-0.9981919632611591,0.4476039000840877,0.309906241935316,0.09143456787596471,-0.8248033828392605,-0.6757424183256144,-0.8654092012781258,-0.5793785195638799,0.9219374649382059,-0.798393813024588,0.35243959266345315,-0.4971129079954193,-0.4642216504730081,-0.830502707680246,-0.7508186279168156,-0.8853356994412778,0.9835211952626173,-0.20709460426787984,-0.22838652935027248,0.3490730882169144,0.5225690497232485,0.3846788144231965,-0.18620464381868573,-0.17579053851837978,-0.08546826453393486,0.8629533161002607,-0.9289058284903946,0.8251847751742258,-0.4885445025599062,-0.21774474719188341,-0.3789533425803664,-0.5639541260967051,0.17803081458934678,0.15606829958040036,0.4331435675172808,0.284793062734245,-0.36296120659232534,0.19437826139298808,-0.7881558429520723,-0.9141152375450019,-0.4823604285812637,0.19063863729362485,-0.1522338573842672,-0.17209363907018238,0.7143562756059922,0.205691893817592,0.5060802198628498,0.47925787290079347,0.6258989387750642,-0.22758777686957798,0.08136571982082552,0.14893055338306915,-0.32879488193182427,-0.42130625558884294,-0.38603278048605416,0.8379252206875396,0.8121433453403686,0.6019872427547823,0.2830998994156455,-0.4755339233883662,0.49797889093830094,-0.20835377917546705,-0.19044111919885975,-0.3580538725283189,0.7984126393281952,0.5746275881473233,0.5788073624317387,0.5834443208027573,0.19402317855692175,-0.1723070819978494,0.8652406446356435,-0.7762387863486107,-0.5224486071760437,0.1533497480414825,0.31496300041547176,-0.502243112351727,-0.26650859382259506,-0.7350497479132669,-0.9955374005398283,0.9496550539635706,0.7291903553478614,-0.7772516288207283,0.27175951977886004,-0.24433632500528324,0.7791137992209425,-0.24464979049363733,0.05583868171509199,-0.6675056054588908,0.1814821286874997,0.6389824881692425,-0.43713737643108663,0.7920997225129729,-0.7382746076680411,-0.34984695315211134,-0.9707259691340044,-0.8702659319307988,-0.629631089297777,0.1570930960219692,0.5357487923594757,-0.43561996895522226,-0.952184154408267,-0.39638997507280305,0.9170378565899457,0.8213966743254244,-0.4942756449645431,0.6615376708961467,0.7574375510179463,0.5221703863033371,-0.2959757941253116,0.9246396561275381,-0.5035210945305049,0.6042700368954208,0.9343549703985585,-0.22975887598107647,0.011037511768003494,0.39313747983680525,0.2839561964351667,0.32789772113842663,-0.21305367227852923,0.558369971071186,0.9777923143058622,0.04162683761784258,0.23227074269368075,0.5667094587379262,0.9384073688373182,0.5920600304667372,0.1696606221847483,0.8328798799268515,-0.9748716256770973,0.3773192717672671,0.436752937576272,-0.0161442152120419,0.1157114418733114,-0.8776305581221013,-0.8676370237010465,0.25558680640354403,-0.7194552633422202,-0.6843382944298413,0.7930759636725631,-0.19352599656764324,0.388359585632873,-0.10115685500061744,0.6158084797795846,0.6832127510666408,0.4734543933521749,-0.05481390397624786,0.6831880516242359,-0.32561300650502645,0.540207404487465,-0.8980343424925112,0.3366225262044784,0.3523818715034097,0.8647527430663899,0.503817503671911,0.21466928018029385,-0.8675366853411213
54.50840771428194,0.9638076609263164,0.17213474064790546,-0.7477241631391003,0.7075434575706767,-0.15746473280852524,0.5010203277755982,0.9114690091916804,0.7178858888530151,-0.8587603873502889,-0.8238737411538888,-0.3967596950592158,-0.5066426001518469,-0.9688461048710657,-0.014596283162207069,-0.5284991594002886,-0.26017503449527535,0.044926228620710607,0.7363380053150916,0.164503017661644,0.6935184301171309,-0.991742680745364,-0.7553063275271086,0.7904548190575267,0.8434278554027048,-0.8381543616030771,-0.32032289328385577,-0.20635535309827624,0.7983565166102671,0.5111368471486821,-0.5626607540371076,0.5893738665249644,-0.16630588637721333,-0.8276671796305992,0.6654224625834093,0.8182341367542576,-0.8623353922863302,-0.19470184891034448,0.7129294350142454,-0.451632358348224,-0.5653837705965821,-0.6780596266016512,-0.8904591679394778,-0.9982826559079361,-0.9970477696457396,0.5240761519690176,-0.5246959349881806,0.8710470564916899,-0.1992236736363031,0.9618757890961618,-0.3124896557386261,-0.10369790626803232,-0.8600775483277923,0.18714623898592864,0.9473626345807944,0.842149972831,-0.31340777261183406,-0.03457514679097895,-0.28110699079702517,0.7911105973319856,-0.6124577156139501,0.7628228011082971,-0.7821644542720179,-0.3217780455106414,0.7035431988715386,0.5510982703636222,-0.2469305337442107,-0.2960179286844462,0.7545606938185057,-0.10517162678119307,0.8188319398941237,-0.611543082642483,0.5261298186038719,0.021071051895337423,0.46869639723813394,0.013285805023643737,0.5095024332625979,0.9239555457805115,-0.7302239396799051,0.6744610463101739,0.77859926675982,0.06242916189202696,0.10513981607704848,-0.15937987742458049,0.7954315907890006,-0.9144111164397042,-0.2453111342039136,-0.17741679358486562,-0.6970930476150641,0.020337122590175394,0.14345290471087813,-0.015195048699850222,0.14539724320163638,-0.6895126256376516,-0.4925485675256631,-0.4351038856891227,0.9978532471774952,0.7843723727824927,0.9664876263430924,-0.14891734283085234,0.9888553520070806,-0.8782214684190894,-0.37637844052847624,-0.564308700124585,-0.20247967908568332,0.09389889045872435,-0.29905529035659173,0.5216714675977312,-0.2657533034302255,-0.15408554501721783,-0.9981919632611591,0.4476039000840877,0.309906241935316,0.09143456787596471,-0.8248033828392605,-0.6757424183256144,-0.8654092012781258,-0.5793785195638799,0.9219374649382059,-0.798393813024588,0.35243959266345315,-0.4971129079954193,-0.4642216504730081,-0.830502707680246,-0.7508186279168156,-0.8853356994412778,0.9835211952626173,-0.20709460426787984,-0.22838652935027248,0.3490730882169144,0.5225690497232485,0.3846788144231965,-0.18620464381868573,-0.17579053851837978,-0.08546826453393486,0.8629533161002607,-0.9289058284903946,0.8251847751742258,-0.4885445025599062,-0.21774474719188341,-0.3789533425803664,-0.5639541260967051,0.17803081458934678,0.15606829958040036,0.4331435675172808,0.284793062734245,-0.36296120659232534,0.19437826139298808,-0.7881558429520723,-0.9141152375450019,-0.4823604285812637,0.19063863729362485,-0.1522338573842672,-0.17209363907018238,0.7143562756059922,0.205691893817592,0.5060802198628498,0.47925787290079347,0.6258989387750642,-0.22758777686957798,0.08136571982082552,0.14893055338306915,-0.32879488193182427,-0.42130625558884294,-0.38603278048605416,0.8379252206875396,0.8121433453403686,0.6019872427547823,0.2830998994156455,-0.4755339233883662,0.49797889093830094,-0.20835377917546705,-0.19044111919885975,-0.3580538725283189,0.7984126393281952,0.5746275881473233,0.5788073624317387,0.5834443208027573,0.19402317855692175,-0.1723070819978494,0.8652406446356435,-0.7762387863486107,-0.5224486071760437,0.1533497480414825,0.31496300041547176,-0.502243112351727,-0.26650859382259506,-0.7350497479132669,-0.9955374005398283,0.9496550539635706,0.7291903553478614,-0.7772516288207283,0.27175951977886004,-0.24433632500528324,0.7791137992209425,-0.24464979049363733,0.05583868171509199,-0.6675056054588908,0.1814821286874997,0.6389824881692425,-0.43713737643108663,0.7920997225129729,-0.7382746076680411,-0.34984695315211134,-0.9707259691340044,-0.8702659319307988,-0.629631089297777,0.1570930960219692,0.5357487923594757,-0.43561996895522226,-0.952184154408267,-0.39638997507280305,0.9170378565899457,0.8213966743254244,-0.4942756449645431,0.6615376708961467,0.7574375510179463,0.5221703863033371,-0.2959757941253116,0.9246396561275381,-0.5035210945305049,0.6042700368954208,0.9343549703985585,-0.22975887598107647,0.011037511768003494,0.39313747983680525,0.2839561964351667,0.32789772113842663,-0.21305367227852923,0.558369971071186,0.9777923143058622,0.04162683761784258,0.23227074269368075,0.5667094587379262,0.9384073688373182,0.5920600304667372,0.1696606221847483,0.8328798799268515,-0.9748716256770973,0.3773192717672671,0.436752937576272,-0.0161442152120419,0.1157114418733114,-0.8776305581221013,-0.8676370237010465,0.25558680640354403,-0.7194552633422202,-0.6843382944298413,0.7930759636725631,-0.19352599656764324,0.388359585632873,-0.10115685500061744,0.6158084797795846,0.6832127510666408,0.4734543933521749,-0.05481390397624786,0.6831880516242359,-0.32561300650502645,0.540207404487465,-0.8980343424925112,0.3366225262044784,0.3523818715034097,0.8647527430663899,0.503817503671911,0.21466928018029385,-0.8675366853411213
54.50840771428194,0.9638076609263164,0.17213474064790546,-0.7477241631391003,0.7075434575706767,-0.15746473280852524,0.5010203277755982,0.9114690091916804,0.7178858888530151,-0.8587603873502889,-0.8238737411538888,-0.3967596950592158,-0.5066426001518469,-0.9688461048710657,-0.014596283162207069,-0.5284991594002886,-0.26017503449527535,0.044926228620710607,0.7363380053150916,0.164503017661644,0.6935184301171309,-0.991742680745364,-0.7553063275271086,0.7904548190575267,0.8434278554027048,-0.8381543616030771,-0.32032289328385577,-0.20635535309827624,0.7983565166102671,0.5111368471486821,-0.5626607540371076,0.5893738665249644,-0.16630588637721333,-0.8276671796305992,0.6654224625834093,0.8182341367542576,-0.8623353922863302,-0.19470184891034448,0.7129294350142454,-0.451632358348224,-0.5653837705965821,-0.6780596266016512,-0.8904591679394778,-0.9982826559079361,-0.9970477696457396,0.5240761519690176,-0.5246959349881806,0.8710470564916899,-0.1992236736363031,0.9618757890961618,-0.3124896557386261,-0.10369790626803232,-0.8600775483277923,0.18714623898592864,0.9473626345807944,0.842149972831,-0.31340777261183406,-0.03457514679097895,-0.28110699079702517,0.7911105973319856,-0.6124577156139501,0.7628228011082971,-0.7821644542720179,-0.3217780455106414,0.7035431988715386,0.5510982703636222,-0.2469305337442107,-0.2960179286844462,0.7545606938185057,-0.10517162678119307,0.8188319398941237,-0.611543082642483,0.5261298186038719,0.021071051895337423,0.46869639723813394,0.013285805023643737,0.5095024332625979,0.9239555457805115,-0.7302239396799051,0.6744610463101739,0.77859926675982,0.06242916189202696,0.10513981607704848,-0.15937987742458049,0.7954315907890006,-0.9144111164397042,-0.2453111342039136,-0.17741679358486562,-0.6970930476150641,0.020337122590175394,0.14345290471087813,-0.015195048699850222,0.14539724320163638,-0.6895126256376516,-0.4925485675256631,-0.4351038856891227,0.9978532471774952,0.7843723727824927,0.9664876263430924,-0.14891734283085234,0.9888553520070806,-0.8782214684190894,-0.37637844052847624,-0.564308700124585,-0.20247967908568332,0.09389889045872435,-0.29905529035659173,0.5216714675977312,-0.2657533034302255,-0.15408554501721783,-0.9981919632611591,0.4476039000840877,0.309906241935316,0.09143456787596471,-0.8248033828392605,-0.6757424183256144,-0.8654092012781258,-0.5793785195638799,0.9219374649382059,-0.798393813024588,0.35243959266345315,-0.4971129079954193,-0.4642216504730081,-0.830502707680246,-0.7508186279168156,-0.8853356994412778,0.9835211952626173,-0.20709460426787984,-0.22838652935027248,0.3490730882169144,0.5225690497232485,0.3846788144231965,-0.18620464381868573,-0.17579053851837978,-0.08546826453393486,0.8629533161002607,-0.9289058284903946,0.8251847751742258,-0.4885445025599062,-0.21774474719188341,-0.3789533425803664,-0.5639541260967051,0.17803081458934678,0.15606829958040036,0.4331435675172808,0.284793062734245,-0.36296120659232534,0.19437826139298808,-0.7881558429520723,-0.9141152375450019,-0.4823604285812637,0.19063863729362485,-0.1522338573842672,-0.17209363907018238,0.7143562756059922,0.205691893817592,0.5060802198628498,0.47925787290079347,0.6258989387750642,-0.22758777686957798,0.08136571982082552,0.14893055338306915,-0.32879488193182427,-0.42130625558884294,-0.38603278048605416,0.8379252206875396,0.8121433453403686,0.6019872427547823,0.2830998994156455,-0.4755339233883662,0.49797889093830094,-0.20835377917546705,-0.19044111919885975,-0.3580538725283189,0.7984126393281952,0.5746275881473233,0.5788073624317387,0.5834443208027573,0.19402317855692175,-0.1723070819978494,0.8652406446356435,-0.7762387863486107,-0.5224486071760437,0.1533497480414825,0.31496300041547176,-0.502243112351727,-0.26650859382259506,-0.7350497479132669,-0.9955374005398283,0.9496550539635706,0.7291903553478614,-0.7772516288207283,0.27175951977886004,-0.24433632500528324,0.7791137992209425,-0.24464979049363733,0.05583868171509199,-0.6675056054588908,0.1814821286874997,0.6389824881692425,-0.43713737643108663,0.7920997225129729,-0.7382746076680411,-0.34984695315211134,-0.9707259691340044,-0.8702659319307988,-0.629631089297777,0.1570930960219692,0.5357487923594757,-0.43561996895522226,-0.952184154408267,-0.39638997507280305,0.9170378565899457,0.8213966743254244,-0.4942756449645431,0.6615376708961467,0.7574375510179463,0.5221703863033371,-0.2959757941253116,0.9246396561275381,-0.5035210945305049,0.6042700368954208,0.9343549703985585,-0.22975887598107647,0.011037511768003494,0.39313747983680525,0.2839561964351667,0.32789772113842663,-0.21305367227852923,0.558369971071186,0.9777923143058622,0.04162683761784258,0.23227074269368075,0.5667094587379262,0.9384073688373182,0.5920600304667372,0.1696606221847483,0.8328798799268515,-0.9748716256770973,0.3773192717672671,0.436752937576272,-0.0161442152120419,0.1157114418733114,-0.8776305581221013,-0.8676370237010465,0.25558680640354403,-0.7194552633422202,-0.6843382944298413,0.7930759636725631,-0.19352599656764324,0.388359585632873,-0.10115685500061744,0.6158084797795846,0.6832127510666408,0.4734543933521749,-0.05481390397624786,0.6831880516242359,-0.32561300650502645,0.540207404487465,-0.8980343424925112,0.3366225262044784,0.3523818715034097,0.8647527430663899,0.503817503671911,0.21466928018029385,-0.8675366853411213
54.50840771428194,0.9638076609263164,0.17213474064790546,-0.7477241631391003,0.7075434575706767,-0.15746473280852524,0.5010203277755982,0.9114690091916804,0.7178858888530151,-0.8587603873502889,-0.8238737411538888,-0.3967596950592158,-0.5066426001518469,-0.9688461048710657,-0.014596283162207069,-0.5284991594002886,-0.26017503449527535,0.044926228620710607,0.7363380053150916,0.164503017661644,0.6935184301171309,-0.991742680745364,-0.7553063275271086,0.7904548190575267,0.8434278554027048,-0.8381543616030771,-0.32032289328385577,-0.20635535309827624,0.7983565166102671,0.5111368471486821,-0.5626607540371076,0.5893738665249644,-0.16630588637721333,-0.8276671796305992,0.6654224625834093,0.8182341367542576,-0.8623353922863302,-0.19470184891034448,0.7129294350142454,-0.451632358348224,-0.5653837705965821,-0.6780596266016512,-0.8904591679394778,-0.9982826559079361,-0.9970477696457396,0.5240761519690176,-0.5246959349881806,0.8710470564916899,-0.1992236736363031,0.9618757890961618,-0.3124896557386261,-0.10369790626803232,-0.8600775483277923,0.18714623898592864,0.9473626345807944,0.842149972831,-0.31340777261183406,-0.03457514679097895,-0.28110699079702517,0.7911105973319856,-0.6124577156139501,0.7628228011082971,-0.7821644542720179,-0.3217780455106414,0.7035431988715386,0.5510982703636222,-0.2469305337442107,-0.2960179286844462,0.7545606938185057,-0.10517162678119307,0.8188319398941237,-0.611543082642483,0.5261298186038719,0.021071051895337423,0.46869639723813394,0.013285805023643737,0.5095024332625979,0.9239555457805115,-0.7302239396799051,0.6744610463101739,0.77859926675982,0.06242916189202696,0.10513981607704848,-0.15937987742458049,0.7954315907890006,-0.9144111164397042,-0.2453111342039136,-0.17741679358486562,-0.6970930476150641,0.020337122590175394,0.14345290471087813,-0.015195048699850222,0.14539724320163638,-0.6895126256376516,-0.4925485675256631,-0.4351038856891227,0.9978532471774952,0.7843723727824927,0.9664876263430924,-0.14891734283085234,0.9888553520070806,-0.8782214684190894,-0.37637844052847624,-0.564308700124585,-0.20247967908568332,0.09389889045872435,-0.29905529035659173,0.5216714675977312,-0.2657533034302255,-0.15408554501721783,-0.9981919632611591,0.4476039000840877,0.309906241935316,0.09143456787596471,-0.8248033828392605,-0.6757424183256144,-0.8654092012781258,-0.5793785195638799,0.9219374649382059,-0.798393813024588,0.35243959266345315,-0.4971129079954193,-0.4642216504730081,-0.830502707680246,-0.7508186279168156,-0.8853356994412778,0.9835211952626173,-0.20709460426787984,-0.22838652935027248,0.3490730882169144,0.5225690497232485,0.3846788144231965,-0.18620464381868573,-0.17579053851837978,-0.08546826453393486,0.8629533161002607,-0.9289058284903946,0.8251847751742258,-0.4885445025599062,-0.21774474719188341,-0.3789533425803664,-0.5639541260967051,0.17803081458934678,0.15606829958040036,0.4331435675172808,0.284793062734245,-0.36296120659232534,0.19437826139298808,-0.7881558429520723,-0.9141152375450019,-0.4823604285812637,0.19063863729362485,-0.1522338573842672,-0.17209363907018238,0.7143562756059922,0.205691893817592,0.5060802198628498,0.47925787290079347,0.6258989387750642,-0.22758777686957798,0.08136571982082552,0.14893055338306915,-0.32879488193182427,-0.42130625558884294,-0.38603278048605416,0.8379252206875396,0.8121433453403686,0.6019872427547823,0.2830998994156455,-0.4755339233883662,0.49797889093830094,-0.20835377917546705,-0.19044111919885975,-0.3580538725283189,0.7984126393281952,0.5746275881473233,0.5788073624317387,0.5834443208027573,0.19402317855692175,-0.1723070819978494,0.8652406446356435,-0.7762387863486107,-0.5224486071760437,0.1533497480414825,0.31496300041547176,-0.502243112351727,-0.26650859382259506,-0.7350497479132669,-0.9955374005398283,0.9496550539635706,0.7291903553478614,-0.7772516288207283,0.27175951977886004,-0.24433632500528324,0.7791137992209425,-0.24464979049363733,0.05583868171509199,-0.6675056054588908,0.1814821286874997,0.6389824881692425,-0.43713737643108663,0.7920997225129729,-0.7382746076680411,-0.34984695315211134,-0.9707259691340044,-0.8702659319307988,-0.629631089297777,0.1570930960219692,0.5357487923594757,-0.43561996895522226,-0.952184154408267,-0.39638997507280305,0.9170378565899457,0.8213966743254244,-0.4942756449645431,0.6615376708961467,0.7574375510179463,0.5221703863033371,-0.2959757941253116,0.9246396561275381,-0.5035210945305049,0.6042700368954208,0.9343549703985585,-0.22975887598107647,0.011037511768003494,0.39313747983680525,0.2839561964351667,0.32789772113842663,-0.21305367227852923,0.558369971071186,0.9777923143058622,0.04162683761784258,0.23227074269368075,0.5667094587379262,0.9384073688373182,0.5920600304667372,0.1696606221847483,0.8328798799268515,-0.9748716256770973,0.3773192717672671,0.436752937576272,-0.0161442152120419,0.1157114418733114,-0.8776305581221013,-0.8676370237010465,0.25558680640354403,-0.7194552633422202,-0.6843382944298413,0.7930759636725631,-0.19352599656764324,0.388359585632873,-0.10115685500061744,0.6158084797795846,0.6832127510666408,0.4734543933521749,-0.05481390397624786,0.6831880516242359,-0.32561300650502645,0.540207404487465,-0.8980343424925112,0.3366225262044784,0.3523818715034097,0.8647527430663899,0.503817503671911,0.21466928018029385,-0.8675366853411213
54.50840771428194,0.9638076609263164,0.17213474064790546,-0.7477241631391003,0.7075434575706767,-0.15746473280852524,0.5010203277755982,0.9114690091916804,0.7178858888530151,-0.8587603873502889,-0.8238737411538888,-0.3967596950592158,-0.5066426001518469,-0.9688461048710657,-0.014596283162207069,-0.5284991594002886,-0.26017503449527535,0.044926228620710607,0.7363380053150916,0.164503017661644,0.6935184301171309,-0.991742680745364,-0.7553063275271086,0.7904548190575267,0.8434278554027048,-0.8381543616030771,-0.32032289328385577,-0.20635535309827624,0.7983565166102671,0.5111368471486821,-0.5626607540371076,0.5893738665249644,-0.16630588637721333,-0.8276671796305992,0.6654224625834093,0.8182341367542576,-0.8623353922863302,-0.19470184891034448,0.7129294350142454,-0.451632358348224,-0.5653837705965821,-0.6780596266016512,-0.8904591679394778,-0.9982826559079361,-0.9970477696457396,0.5240761519690176,-0.5246959349881806,0.8710470564916899,-0.1992236736363031,0.9618757890961618,-0.3124896557386261,-0.10369790626803232,-0.8600775483277923,0.18714623898592864,0.9473626345807944,0.842149972831,-0.31340777261183406,-0.03457514679097895,-0.28110699079702517,0.7911105973319856,-0.6124577156139501,0.7628228011082971,-0.7821644542720179,-0.3217780455106414,0.7035431988715386,0.5510982703636222,-0.2469305337442107,-0.2960179286844462,0.7545606938185057,-0.10517162678119307,0.8188319398941237,-0.611543082642483,0.5261298186038719,0.021071051895337423,0.46869639723813394,0.013285805023643737,0.5095024332625979,0.9239555457805115,-0.7302239396799051,0.6744610463101739,0.77859926675982,0.06242916189202696,0.10513981607704848,-0.15937987742458049,0.7954315907890006,-0.9144111164397042,-0.2453111342039136,-0.17741679358486562,-0.6970930476150641,0.020337122590175394,0.14345290471087813,-0.015195048699850222,0.14539724320163638,-0.6895126256376516,-0.4925485675256631,-0.4351038856891227,0.9978532471774952,0.7843723727824927,0.9664876263430924,-0.14891734283085234,0.9888553520070806,-0.8782214684190894,-0.37637844052847624,-0.564308700124585,-0.20247967908568332,0.09389889045872435,-0.29905529035659173,0.5216714675977312,-0.2657533034302255,-0.15408554501721783,-0.9981919632611591,0.4476039000840877,0.309906241935316,0.09143456787596471,-0.8248033828392605,-0.6757424183256144,-0.8654092012781258,-0.5793785195638799,0.9219374649382059,-0.798393813024588,0.35243959266345315,-0.4971129079954193,-0.4642216504730081,-0.830502707680246,-0.7508186279168156,-0.8853356994412778,0.9835211952626173,-0.20709460426787984,-0.22838652935027248,0.3490730882169144,0.5225690497232485,0.3846788144231965,-0.18620464381868573,-0.17579053851837978,-0.08546826453393486,0.8629533161002607,-0.9289058284903946,0.8251847751742258,-0.4885445025599062,-0.21774474719188341,-0.3789533425803664,-0.5639541260967051,0.17803081458934678,0.15606829958040036,0.4331435675172808,0.284793062734245,-0.36296120659232534,0.19437826139298808,-0.7881558429520723,-0.9141152375450019,-0.4823604285812637,0.19063863729362485,-0.1522338573842672,-0.17209363907018238,0.7143562756059922,0.205691893817592,0.5060802198628498,0.47925787290079347,0.6258989387750642,-0.22758777686957798,0.08136571982082552,0.14893055338306915,-0.32879488193182427,-0.42130625558884294,-0.38603278048605416,0.8379252206875396,0.8121433453403686,0.6019872427547823,0.2830998994156455,-0.4755339233883662,0.49797889093830094,-0.20835377917546705,-0.19044111919885975,-0.3580538725283189,0.7984126393281952,0.5746275881473233,0.5788073624317387,0.5834443208027573,0.19402317855692175,-0.1723070819978494,0.8652406446356435,-0.7762387863486107,-0.5224486071760437,0.1533497480414825,0.31496300041547176,-0.502243112351727,-0.26650859382259506,-0.7350497479132669,-0.9955374005398283,0.9496550539635706,0.7291903553478614,-0.7772516288207283,0.27175951977886004,-0.24433632500528324,0.7791137992209425,-0.24464979049363733,0.05583868171509199,-0.6675056054588908,0.1814821286874997,0.6389824881692425,-0.43713737643108663,0.7920997225129729,-0.7382746076680411,-0.34984695315211134,-0.9707259691340044,-0.8702659319307988,-0.629631089297777,0.1570930960219692,0.5357487923594757,-0.43561996895522226,-0.952184154408267,-0.39638997507280305,0.9170378565899457,0.8213966743254244,-0.4942756449645431,0.6615376708961467,0.7574375510179463,0.5221703863033371,-0.2959757941253116,0.9246396561275381,-0.5035210945305049,0.6042700368954208,0.9343549703985585,-0.22975887598107647,0.011037511768003494,0.39313747983680525,0.2839561964351667,0.32789772113842663,-0.21305367227852923,0.558369971071186,0.9777923143058622,0.04162683761784258,0.23227074269368075,0.5667094587379262,0.9384073688373182,0.5920600304667372,0.1696606221847483,0.8328798799268515,-0.9748716256770973,0.3773192717672671,0.436752937576272,-0.0161442152120419,0.1157114418733114,-0.8776305581221013,-0.8676370237010465,0.25558680640354403,-0.7194552633422202,-0.6843382944298413,0.7930759636725631,-0.19352599656764324,0.388359585632873,-0.10115685500061744,0.6158084797795846,0.6832127510666408,0.4734543933521749,-0.05481390397624786,0.6831880516242359,-0.32561300650502645,0.540207404487465,-0.8980343424925112,0.3366225262044784,0.3523818715034097,0.8647527430663899,0.503817503671911,0.21466928018029385,-0.8675366853411213
54.50840771428194,0.9638076609263164,0.17213474064790546,-0.7477241631391003,0.7075434575706767,-0.15746473280852524,0.5010203277755982,0.9114690091916804,0.7178858888530151,-0.8587603873502889,-0.8238737411538888,-0.3967596950592158,-0.5066426001518469,-0.9688461048710657,-0.014596283162207069,-0.5284991594002886,-0.26017503449527535,0.044926228620710607,0.7363380053150916,0.164503017661644,0.6935184301171309,-0.991742680745364,-0.7553063275271086,0.7904548190575267,0.8434278554027048,-0.8381543616030771,-0.32032289328385577,-0.20635535309827624,0.7983565166102671,0.5111368471486821,-0.5626607540371076,0.5893738665249644,-0.16630588637721333,-0.8276671796305992,0.6654224625834093,0.8182341367542576,-0.8623353922863302,-0.19470184891034448,0.7129294350142454,-0.451632358348224,-0.5653837705965821,-0.6780596266016512,-0.8904591679394778,-0.9982826559079361,-0.9970477696457396,0.5240761519690176,-0.5246959349881806,0.8710470564916899,-0.1992236736363031,0.9618757890961618,-0.3124896557386261,-0.10369790626803232,-0.8600775483277923,0.18714623898592864,0.9473626345807944,0.842149972831,-0.31340777261183406,-0.03457514679097895,-0.28110699079702517,0.7911105973319856,-0.6124577156139501,0.7628228011082971,-0.7821644542720179,-0.3217780455106414,0.7035431988715386,0.5510982703636222,-0.2469305337442107,-0.2960179286844462,0.7545606938185057,-0.10517162678119307,0.8188319398941237,-0.611543082642483,0.5261298186038719,0.021071051895337423,0.46869639723813394,0.013285805023643737,0.5095024332625979,0.9239555457805115,-0.7302239396799051,0.6744610463101739,0.77859926675982,0.06242916189202696,0.10513981607704848,-0.15937987742458049,0.7954315907890006,-0.9144111164397042,-0.2453111342039136,-0.17741679358486562,-0.6970930476150641,0.020337122590175394,0.14345290471087813,-0.015195048699850222,0.14539724320163638,-0.6895126256376516,-0.4925485675256631,-0.4351038856891227,0.9978532471774952,0.7843723727824927,0.9664876263430924,-0.14891734283085234,0.9888553520070806,-0.8782214684190894,-0.37637844052847624,-0.564308700124585,-0.20247967908568332,0.09389889045872435,-0.29905529035659173,0.5216714675977312,-0.2657533034302255,-0.15408554501721783,-0.9981919632611591,0.4476039000840877,0.309906241935316,0.09143456787596471,-0.8248033828392605,-0.6757424183256144,-0.8654092012781258,-0.5793785195638799,0.9219374649382059,-0.798393813024588,0.35243959266345315,-0.4971129079954193,-0.4642216504730081,-0.830502707680246,-0.7508186279168156,-0.8853356994412778,0.9835211952626173,-0.20709460426787984,-0.22838652935027248,0.3490730882169144,0.5225690497232485,0.3846788144231965,-0.18620464381868573,-0.17579053851837978,-0.08546826453393486,0.8629533161002607,-0.9289058284903946,0.8251847751742258,-0.4885445025599062,-0.21774474719188341,-0.3789533425803664,-0.5639541260967051,0.17803081458934678,0.15606829958040036,0.4331435675172808,0.284793062734245,-0.36296120659232534,0.19437826139298808,-0.7881558429520723,-0.9141152375450019,-0.4823604285812637,0.19063863729362485,-0.1522338573842672,-0.17209363907018238,0.7143562756059922,0.205691893817592,0.5060802198628498,0.47925787290079347,0.6258989387750642,-0.22758777686957798,0.08136571982082552,0.14893055338306915,-0.32879488193182427,-0.42130625558884294,-0.38603278048605416,0.8379252206875396,0.8121433453403686,0.6019872427547823,0.2830998994156455,-0.4755339233883662,0.49797889093830094,-0.20835377917546705,-0.19044111919885975,-0.3580538725283189,0.7984126393281952,0.5746275881473233,0.5788073624317387,0.5834443208027573,0.19402317855692175,-0.1723070819978494,0.8652406446356435,-0.7762387863486107,-0.5224486071760437,0.1533497480414825,0.31496300041547176,-0.502243112351727,-0.26650859382259506,-0.7350497479132669,-0.9955374005398283,0.9496550539635706,0.7291903553478614,-0.7772516288207283,0.27175951977886004,-0.24433632500528324,0.7791137992209425,-0.24464979049363733,0.05583868171509199,-0.6675056054588908,0.1814821286874997,0.6389824881692425,-0.43713737643108663,0.7920997225129729,-0.7382746076680411,-0.34984695315211134,-0.9707259691340044,-0.8702659319307988,-0.629631089297777,0.1570930960219692,0.5357487923594757,-0.43561996895522226,-0.952184154408267,-0.39638997507280305,0.9170378565899457,0.8213966743254244,-0.4942756449645431,0.6615376708961467,0.7574375510179463,0.5221703863033371,-0.2959757941253116,0.9246396561275381,-0.5035210945305049,0.6042700368954208,0.9343549703985585,-0.22975887598107647,0.011037511768003494,0.39313747983680525,0.2839561964351667,0.32789772113842663,-0.21305367227852923,0.558369971071186,0.9777923143058622,0.04162683761784258,0.23227074269368075,0.5667094587379262,0.9384073688373182,0.5920600304667372,0.1696606221847483,0.8328798799268515,-0.9748716256770973,0.3773192717672671,0.436752937576272,-0.0161442152120419,0.1157114418733114,-0.8776305581221013,-0.8676370237010465,0.25558680640354403,-0.7194552633422202,-0.6843382944298413,0.7930759636725631,-0.19352599656764324,0.388359585632873,-0.10115685500061744,0.6158084797795846,0.6832127510666408,0.4734543933521749,-0.05481390397624786,0.6831880516242359,-0.32561300650502645,0.540207404487465,-0.8980343424925112,0.3366225262044784,0.3523818715034097,0.8647527430663899,0.503817503671911,0.21466928018029385,-0.8675366853411213
54.50840771428194,0.9638076609263164,0.17213474064790546,-0.7477241631391003,0.7075434575706767,-0.15746473280852524,0.5010203277755982,0.9114690091916804,0.7178858888530151,-0.8587603873502889,-0.8238737411538888,-0.3967596950592158,-0.5066426001518469,-0.9688461048710657,-0.014596283162207069,-0.5284991594002886,-0.26017503449527535,0.044926228620710607,0.7363380053150916,0.164503017661644,0.6935184301171309,-0.991742680745364,-0.7553063275271086,0.7904548190575267,0.8434278554027048,-0.8381543616030771,-0.32032289328385577,-0.20635535309827624,0.7983565166102671,0.5111368471486821,-0.5626607540371076,0.5893738665249644,-0.16630588637721333,-0.8276671796305992,0.6654224625834093,0.8182341367542576,-0.8623353922863302,-0.19470184891034448,0.7129294350142454,-0.451632358348224,-0.5653837705965821,-0.6780596266016512,-0.8904591679394778,-0.9982826559079361,-0.9970477696457396,0.5240761519690176,-0.5246959349881806,0.8710470564916899,-0.1992236736363031,0.9618757890961618,-0.3124896557386261,-0.10369790626803232,-0.8600775483277923,0.18714623898592864,0.9473626345807944,0.842149972831,-0.31340777261183406,-0.03457514679097895,-0.28110699079702517,0.7911105973319856,-0.6124577156139501,0.7628228011082971,-0.7821644542720179,-0.3217780455106414,0.7035431988715386,0.5510982703636222,-0.2469305337442107,-0.2960179286844462,0.7545606938185057,-0.10517162678119307,0.8188319398941237,-0.611543082642483,0.5261298186038719,0.021071051895337423,0.46869639723813394,0.013285805023643737,0.5095024332625979,0.9239555457805115,-0.7302239396799051,0.6744610463101739,0.77859926675982,0.06242916189202696,0.10513981607704848,-0.15937987742458049,0.7954315907890006,-0.9144111164397042,-0.2453111342039136,-0.17741679358486562,-0.6970930476150641,0.020337122590175394,0.14345290471087813,-0.015195048699850222,0.14539724320163638,-0.6895126256376516,-0.4925485675256631,-0.4351038856891227,0.9978532471774952,0.7843723727824927,0.9664876263430924,-0.14891734283085234,0.9888553520070806,-0.8782214684190894,-0.37637844052847624,-0.564308700124585,-0.20247967908568332,0.09389889045872435,-0.29905529035659173,0.5216714675977312,-0.2657533034302255,-0.15408554501721783,-0.9981919632611591,0.4476039000840877,0.309906241935316,0.09143456787596471,-0.8248033828392605,-0.6757424183256144,-0.8654092012781258,-0.5793785195638799,0.9219374649382059,-0.798393813024588,0.35243959266345315,-0.4971129079954193,-0.4642216504730081,-0.830502707680246,-0.7508186279168156,-0.8853356994412778,0.9835211952626173,-0.20709460426787984,-0.22838652935027248,0.3490730882169144,0.5225690497232485,0.3846788144231965,-0.18620464381868573,-0.17579053851837978,-0.08546826453393486,0.8629533161002607,-0.9289058284903946,0.8251847751742258,-0.4885445025599062,-0.21774474719188341,-0.3789533425803664,-0.5639541260967051,0.17803081458934678,0.15606829958040036,0.4331435675172808,0.284793062734245,-0.36296120659232534,0.19437826139298808,-0.7881558429520723,-0.9141152375450019,-0.4823604285812637,0.19063863729362485,-0.1522338573842672,-0.17209363907018238,0.7143562756059922,0.205691893817592,0.5060802198628498,0.47925787290079347,0.6258989387750642,-0.22758777686957798,0.08136571982082552,0.14893055338306915,-0.32879488193182427,-0.42130625558884294,-0.38603278048605416,0.8379252206875396,0.8121433453403686,0.6019872427547823,0.2830998994156455,-0.4755339233883662,0.49797889093830094,-0.20835377917546705,-0.19044111919885975,-0.3580538725283189,0.7984126393281952,0.5746275881473233,0.5788073624317387,0.5834443208027573,0.19402317855692175,-0.1723070819978494,0.8652406446356435,-0.7762387863486107,-0.5224486071760437,0.1533497480414825,0.31496300041547176,-0.502243112351727,-0.26650859382259506,-0.7350497479132669,-0.9955374005398283,0.9496550539635706,0.7291903553478614,-0.7772516288207283,0.27175951977886004,-0.24433632500528324,0.7791137992209425,-0.24464979049363733,0.05583868171509199,-0.6675056054588908,0.1814821286874997,0.6389824881692425,-0.43713737643108663,0.7920997225129729,-0.7382746076680411,-0.34984695315211134,-0.9707259691340044,-0.8702659319307988,-0.629631089297777,0.1570930960219692,0.5357487923594757,-0.43561996895522226,-0.952184154408267,-0.39638997507280305,0.9170378565899457,0.8213966743254244,-0.4942756449645431,0.6615376708961467,0.7574375510179463,0.5221703863033371,-0.2959757941253116,0.9246396561275381,-0.5035210945305049,0.6042700368954208,0.9343549703985585,-0.22975887598107647,0.011037511768003494,0.39313747983680525,0.2839561964351667,0.32789772113842663,-0.21305367227852923,0.558369971071186,0.9777923143058622,0.04162683761784258,0.23227074269368075,0.5667094587379262,0.9384073688373182,0.5920600304667372,0.1696606221847483,0.8328798799268515,-0.9748716256770973,0.3773192717672671,0.436752937576272,-0.0161442152120419,0.1157114418733114,-0.8776305581221013,-0.8676370237010465,0.25558680640354403,-0.7194552633422202,-0.6843382944298413,0.7930759636725631,-0.19352599656764324,0.388359585632873,-0.10115685500061744,0.6158084797795846,0.6832127510666408,0.4734543933521749,-0.05481390397624786,0.6831880516242359,-0.32561300650502645,0.540207404487465,-0.8980343424925112,0.3366225262044784,0.3523818715034097,0.8647527430663899,0.503817503671911,0.21466928018029385,-0.8675366853411213
54.50840771428194,0.9638076609263164,0.17213474064790546,-0.7477241631391003,0.7075434575706767,-0.15746473280852524,0.5010203277755982,0.9114690091916804,0.7178858888530151,-0.8587603873502889,-0.8238737411538888,-0.3967596950592158,-0.5066426001518469,-0.9688461048710657,-0.014596283162207069,-0.5284991594002886,-0.26017503449527535,0.044926228620710607,0.7363380053150916,0.164503017661644,0.6935184301171309,-0.991742680745364,-0.7553063275271086,0.7904548190575267,0.8434278554027048,-0.8381543616030771,-0.32032289328385577,-0.20635535309827624,0.7983565166102671,0.5111368471486821,-0.5626607540371076,0.5893738665249644,-0.16630588637721333,-0.8276671796305992,0.6654224625834093,0.8182341367542576,-0.8623353922863302,-0.19470184891034448,0.7129294350142454,-0.451632358348224,-0.5653837705965821,-0.6780596266016512,-0.8904591679394778,-0.9982826559079361,-0.9970477696457396,0.5240761519690176,-0.5246959349881806,0.8710470564916899,-0.1992236736363031,0.9618757890961618,-0.3124896557386261,-0.10369790626803232,-0.8600775483277923,0.18714623898592864,0.9473626345807944,0.842149972831,-0.31340777261183406,-0.03457514679097895,-0.28110699079702517,0.7911105973319856,-0.6124577156139501,0.7628228011082971,-0.7821644542720179,-0.3217780455106414,0.7035431988715386,0.5510982703636222,-0.2469305337442107,-0.2960179286844462,0.7545606938185057,-0.10517162678119307,0.8188319398941237,-0.611543082642483,0.5261298186038719,0.021071051895337423,0.46869639723813394,0.013285805023643737,0.5095024332625979,0.9239555457805115,-0.7302239396799051,0.6744610463101739,0.77859926675982,0.06242916189202696,0.10513981607704848,-0.15937987742458049,0.7954315907890006,-0.9144111164397042,-0.2453111342039136,-0.17741679358486562,-0.6970930476150641,0.020337122590175394,0.14345290471087813,-0.015195048699850222,0.14539724320163638,-0.6895126256376516,-0.4925485675256631,-0.4351038856891227,0.9978532471774952,0.7843723727824927,0.9664876263430924,-0.14891734283085234,0.9888553520070806,-0.8782214684190894,-0.37637844052847624,-0.564308700124585,-0.20247967908568332,0.09389889045872435,-0.29905529035659173,0.5216714675977312,-0.2657533034302255,-0.15408554501721783,-0.9981919632611591,0.4476039000840877,0.309906241935316,0.09143456787596471,-0.8248033828392605,-0.6757424183256144,-0.8654092012781258,-0.5793785195638799,0.9219374649382059,-0.798393813024588,0.35243959266345315,-0.4971129079954193,-0.4642216504730081,-0.830502707680246,-0.7508186279168156,-0.8853356994412778,0.9835211952626173,-0.20709460426787984,-0.22838652935027248,0.3490730882169144,0.5225690497232485,0.3846788144231965,-0.18620464381868573,-0.17579053851837978,-0.08546826453393486,0.8629533161002607,-0.9289058284903946,0.8251847751742258,-0.4885445025599062,-0.21774474719188341,-0.3789533425803664,-0.5639541260967051,0.17803081458934678,0.15606829958040036,0.4331435675172808,0.284793062734245,-0.36296120659232534,0.19437826139298808,-0.7881558429520723,-0.9141152375450019,-0.4823604285812637,0.19063863729362485,-0.1522338573842672,-0.17209363907018238,0.7143562756059922,0.205691893817592,0.5060802198628498,0.47925787290079347,0.6258989387750642,-0.22758777686957798,0.08136571982082552,0.14893055338306915,-0.32879488193182427,-0.42130625558884294,-0.38603278048605416,0.8379252206875396,0.8121433453403686,0.6019872427547823,0.2830998994156455,-0.4755339233883662,0.49797889093830094,-0.20835377917546705,-0.19044111919885975,-0.3580538725283189,0.7984126393281952,0.5746275881473233,0.5788073624317387,0.5834443208027573,0.19402317855692175,-0.1723070819978494,0.8652406446356435,-0.7762387863486107,-0.5224486071760437,0.1533497480414825,0.31496300041547176,-0.502243112351727,-0.26650859382259506,-0.7350497479132669,-0.9955374005398283,0.9496550539635706,0.7291903553478614,-0.7772516288207283,0.27175951977886004,-0.24433632500528324,0.7791137992209425,-0.24464979049363733,0.05583868171509199,-0.6675056054588908,0.1814821286874997,0.6389824881692425,-0.43713737643108663,0.7920997225129729,-0.7382746076680411,-0.34984695315211134,-0.9707259691340044,-0.8702659319307988,-0.629631089297777,0.1570930960219692,0.5357487923594757,-0.43561996895522226,-0.952184154408267,-0.39638997507280305,0.9170378565899457,0.8213966743254244,-0.4942756449645431,0.6615376708961467,0.7574375510179463,0.5221703863033371,-0.2959757941253116,0.9246396561275381,-0.5035210945305049,0.6042700368954208,0.9343549703985585,-0.22975887598107647,0.011037511768003494,0.39313747983680525,0.2839561964351667,0.32789772113842663,-0.21305367227852923,0.558369971071186,0.9777923143058622,0.04162683761784258,0.23227074269368075,0.5667094587379262,0.9384073688373182,0.5920600304667372,0.1696606221847483,0.8328798799268515,-0.9748716256770973,0.3773192717672671,0.436752937576272,-0.0161442152120419,0.1157114418733114,-0.8776305581221013,-0.8676370237010465,0.25558680640354403,-0.7194552633422202,-0.6843382944298413,0.7930759636725631,-0.19352599656764324,0.388359585632873,-0.10115685500061744,0.6158084797795846,0.6832127510666408,0.4734543933521749,-0.05481390397624786,0.6831880516242359,-0.32561300650502645,0.540207404487465,-0.8980343424925112,0.3366225262044784,0.3523818715034097,0.8647527430663899,0.503817503671911,0.21466928018029385,-0.8675366853411213
54.50840771428194,0.9638076609263164,0.17213474064790546,-0.7477241631391003,0.7075434575706767,-0.15746473280852524,0.5010203277755982,0.9114690091916804,0.7178858888530151,-0.8587603873502889,-0.8238737411538888,-0.3967596950592158,-0.5066426001518469,-0.9688461048710657,-0.014596283162207069,-0.5284991594002886,-0.26017503449527535,0.044926228620710607,0.7363380053150916,0.164503017661644,0.6935184301171309,-0.991742680745364,-0.7553063275271086,0.7904548190575267,0.8434278554027048,-0.8381543616030771,-0.32032289328385577,-0.20635535309827624,0.7983565166102671,0.5111368471486821,-0.5626607540371076,0.5893738665249644,-0.16630588637721333,-0.8276671796305992,0.6654224625834093,0.8182341367542576,-0.8623353922863302,-0.19470184891034448,0.7129294350142454,-0.451632358348224,-0.5653837705965821,-0.6780596266016512,-0.8904591679394778,-0.9982826559079361,-0.9970477696457396,0.5240761519690176,-0.5246959349881806,0.8710470564916899,-0.1992236736363031,0.9618757890961618,-0.3124896557386261,-0.10369790626803232,-0.8600775483277923,0.18714623898592864,0.9473626345807944,0.842149972831,-0.31340777261183406,-0.03457514679097895,-0.28110699079702517,0.7911105973319856,-0.6124577156139501,0.7628228011082971,-0.7821644542720179,-0.3217780455106414,0.7035431988715386,0.5510982703636222,-0.2469305337442107,-0.2960179286844462,0.7545606938185057,-0.10517162678119307,0.8188319398941237,-0.611543082642483,0.5261298186038719,0.021071051895337423,0.46869639723813394,0.013285805023643737,0.5095024332625979,0.9239555457805115,-0.7302239396799051,0.6744610463101739,0.77859926675982,0.06242916189202696,0.10513981607704848,-0.15937987742458049,0.7954315907890006,-0.9144111164397042,-0.2453111342039136,-0.17741679358486562,-0.6970930476150641,0.020337122590175394,0.14345290471087813,-0.015195048699850222,0.14539724320163638,-0.6895126256376516,-0.4925485675256631,-0.4351038856891227,0.9978532471774952,0.7843723727824927,0.9664876263430924,-0.14891734283085234,0.9888553520070806,-0.8782214684190894,-0.37637844052847624,-0.564308700124585,-0.20247967908568332,0.09389889045872435,-0.29905529035659173,0.5216714675977312,-0.2657533034302255,-0.15408554501721783,-0.9981919632611591,0.4476039000840877,0.309906241935316,0.09143456787596471,-0.8248033828392605,-0.6757424183256144,-0.8654092012781258,-0.5793785195638799,0.9219374649382059,-0.798393813024588,0.35243959266345315,-0.4971129079954193,-0.4642216504730081,-0.830502707680246,-0.7508186279168156,-0.8853356994412778,0.9835211952626173,-0.20709460426787984,-0.22838652935027248,0.3490730882169144,0.5225690497232485,0.3846788144231965,-0.18620464381868573,-0.17579053851837978,-0.08546826453393486,0.8629533161002607,-0.9289058284903946,0.8251847751742258,-0.4885445025599062,-0.21774474719188341,-0.3789533425803664,-0.5639541260967051,0.17803081458934678,0.15606829958040036,0.4331435675172808,0.284793062734245,-0.36296120659232534,0.19437826139298808,-0.7881558429520723,-0.9141152375450019,-0.4823604285812637,0.19063863729362485,-0.1522338573842672,-0.17209363907018238,0.7143562756059922,0.205691893817592,0.5060802198628498,0.47925787290079347,0.6258989387750642,-0.22758777686957798,0.08136571982082552,0.14893055338306915,-0.32879488193182427,-0.42130625558884294,-0.38603278048605416,0.8379252206875396,0.8121433453403686,0.6019872427547823,0.2830998994156455,-0.4755339233883662,0.49797889093830094,-0.20835377917546705,-0.19044111919885975,-0.3580538725283189,0.7984126393281952,0.5746275881473233,0.5788073624317387,0.5834443208027573,0.19402317855692175,-0.1723070819978494,0.8652406446356435,-0.7762387863486107,-0.5224486071760437,0.1533497480414825,0.31496300041547176,-0.502243112351727,-0.26650859382259506,-0.7350497479132669,-0.9955374005398283,0.9496550539635706,0.7291903553478614,-0.7772516288207283,0.27175951977886004,-0.24433632500528324,0.7791137992209425,-0.24464979049363733,0.05583868171509199,-0.6675056054588908,0.1814821286874997,0.6389824881692425,-0.43713737643108663,0.7920997225129729,-0.7382746076680411,-0.34984695315211134,-0.9707259691340044,-0.8702659319307988,-0.629631089297777,0.1570930960219692,0.5357487923594757,-0.43561996895522226,-0.952184154408267,-0.39638997507280305,0.9170378565899457,0.8213966743254244,-0.4942756449645431,0.6615376708961467,0.7574375510179463,0.5221703863033371,-0.2959757941253116,0.9246396561275381,-0.5035210945305049,0.6042700368954208,0.9343549703985585,-0.22975887598107647,0.011037511768003494,0.39313747983680525,0.2839561964351667,0.32789772113842663,-0.21305367227852923,0.558369971071186,0.9777923143058622,0.04162683761784258,0.23227074269368075,0.5667094587379262,0.9384073688373182,0.5920600304667372,0.1696606221847483,0.8328798799268515,-0.9748716256770973,0.3773192717672671,0.436752937576272,-0.0161442152120419,0.1157114418733114,-0.8776305581221013,-0.8676370237010465,0.25558680640354403,-0.7194552633422202,-0.6843382944298413,0.7930759636725631,-0.19352599656764324,0.388359585632873,-0.10115685500061744,0.6158084797795846,0.6832127510666408,0.4734543933521749,-0.05481390397624786,0.6831880516242359,-0.32561300650502645,0.540207404487465,-0.8980343424925112,0.3366225262044784,0.3523818715034097,0.8647527430663899,0.503817503671911,0.21466928018029385,-0.8675366853411213
54.50840771428194,0.9638076609263164,0.17213474064790546,-0.7477241631391003,0.7075434575706767,-0.15746473280852524,0.5010203277755982,0.9114690091916804,0.7178858888530151,-0.8587603873502889,-0.8238737411538888,-0.3967596950592158,-0.5066426001518469,-0.9688461048710657,-0.014596283162207069,-0.5284991594002886,-0.26017503449527535,0.044926228620710607,0.7363380053150916,0.164503017661644,0.6935184301171309,-0.991742680745364,-0.7553063275271086,0.7904548190575267,0.8434278554027048,-0.8381543616030771,-0.32032289328385577,-0.20635535309827624,0.7983565166102671,0.5111368471486821,-0.5626607540371076,0.5893738665249644,-0.16630588637721333,-0.8276671796305992,0.6654224625834093,0.8182341367542576,-0.8623353922863302,-0.19470184891034448,0.7129294350142454,-0.451632358348224,-0.5653837705965821,-0.6780596266016512,-0.8904591679394778,-0.9982826559079361,-0.9970477696457396,0.5240761519690176,-0.5246959349881806,0.8710470564916899,-0.1992236736363031,0.9618757890961618,-0.3124896557386261,-0.10369790626803232,-0.8600775483277923,0.18714623898592864,0.9473626345807944,0.842149972831,-0.31340777261183406,-0.03457514679097895,-0.28110699079702517,0.7911105973319856,-0.6124577156139501,0.7628228011082971,-0.7821644542720179,-0.3217780455106414,0.7035431988715386,0.5510982703636222,-0.2469305337442107,-0.2960179286844462,0.7545606938185057,-0.10517162678119307,0.8188319398941237,-0.611543082642483,0.5261298186038719,0.021071051895337423,0.46869639723813394,0.013285805023643737,0.5095024332625979,0.9239555457805115,-0.7302239396799051,0.6744610463101739,0.77859926675982,0.06242916189202696,0.10513981607704848,-0.15937987742458049,0.7954315907890006,-0.9144111164397042,-0.2453111342039136,-0.17741679358486562,-0.6970930476150641,0.020337122590175394,0.14345290471087813,-0.015195048699850222,0.14539724320163638,-0.6895126256376516,-0.4925485675256631,-0.4351038856891227,0.9978532471774952,0.7843723727824927,0.9664876263430924,-0.14891734283085234,0.9888553520070806,-0.8782214684190894,-0.37637844052847624,-0.564308700124585,-0.20247967908568332,0.09389889045872435,-0.29905529035659173,0.5216714675977312,-0.2657533034302255,-0.15408554501721783,-0.9981919632611591,0.4476039000840877,0.309906241935316,0.09143456787596471,-0.8248033828392605,-0.6757424183256144,-0.8654092012781258,-0.5793785195638799,0.9219374649382059,-0.798393813024588,0.35243959266345315,-0.4971129079954193,-0.4642216504730081,-0.830502707680246,-0.7508186279168156,-0.8853356994412778,0.9835211952626173,-0.20709460426787984,-0.22838652935027248,0.3490730882169144,0.5225690497232485,0.3846788144231965,-0.18620464381868573,-0.17579053851837978,-0.08546826453393486,0.8629533161002607,-0.9289058284903946,0.8251847751742258,-0.4885445025599062,-0.21774474719188341,-0.3789533425803664,-0.5639541260967051,0.17803081458934678,0.15606829958040036,0.4331435675172808,0.284793062734245,-0.36296120659232534,0.19437826139298808,-0.7881558429520723,-0.9141152375450019,-0.4823604285812637,0.19063863729362485,-0.1522338573842672,-0.17209363907018238,0.7143562756059922,0.205691893817592,0.5060802198628498,0.47925787290079347,0.6258989387750642,-0.22758777686957798,0.08136571982082552,0.14893055338306915,-0.32879488193182427,-0.42130625558884294,-0.38603278048605416,0.8379252206875396,0.8121433453403686,0.6019872427547823,0.2830998994156455,-0.4755339233883662,0.49797889093830094,-0.20835377917546705,-0.19044111919885975,-0.3580538725283189,0.7984126393281952,0.5746275881473233,0.5788073624317387,0.5834443208027573,0.19402317855692175,-0.1723070819978494,0.8652406446356435,-0.7762387863486107,-0.5224486071760437,0.1533497480414825,0.31496300041547176,-0.502243112351727,-0.26650859382259506,-0.7350497479132669,-0.9955374005398283,0.9496550539635706,0.7291903553478614,-0.7772516288207283,0.27175951977886004,-0.24433632500528324,0.7791137992209425,-0.24464979049363733,0.05583868171509199,-0.6675056054588908,0.1814821286874997,0.6389824881692425,-0.43713737643108663,0.7920997225129729,-0.7382746076680411,-0.34984695315211134,-0.9707259691340044,-0.8702659319307988,-0.629631089297777,0.1570930960219692,0.5357487923594757,-0.43561996895522226,-0.952184154408267,-0.39638997507280305,0.9170378565899457,0.8213966743254244,-0.4942756449645431,0.6615376708961467,0.7574375510179463,0.5221703863033371,-0.2959757941253116,0.9246396561275381,-0.5035210945305049,0.6042700368954208,0.9343549703985585,-0.22975887598107647,0.011037511768003494,0.39313747983680525,0.2839561964351667,0.32789772113842663,-0.21305367227852923,0.558369971071186,0.9777923143058622,0.04162683761784258,0.23227074269368075,0.5667094587379262,0.9384073688373182,0.5920600304667372,0.1696606221847483,0.8328798799268515,-0.9748716256770973,0.3773192717672671,0.436752937576272,-0.0161442152120419,0.1157114418733114,-0.8776305581221013,-0.8676370237010465,0.25558680640354403,-0.7194552633422202,-0.6843382944298413,0.7930759636725631,-0.19352599656764324,0.388359585632873,-0.10115685500061744,0.6158084797795846,0.6832127510666408,0.4734543933521749,-0.05481390397624786,0.6831880516242359,-0.32561300650502645,0.540207404487465,-0.8980343424925112,0.3366225262044784,0.3523818715034097,0.8647527430663899,0.503817503671911,0.21466928018029385,-0.8675366853411213
54.50840771428194,0.9638076609263164,0.17213474064790546,-0.7477241631391003,0.7075434575706767,-0.15746473280852524,0.5010203277755982,0.9114690091916804,0.7178858888530151,-0.8587603873502889,-0.8238737411538888,-0.3967596950592158,-0.5066426001518469,-0.9688461048710657,-0.014596283162207069,-0.5284991594002886,-0.26017503449527535,0.044926228620710607,0.7363380053150916,0.164503017661644,0.6935184301171309,-0.991742680745364,-0.7553063275271086,0.7904548190575267,0.8434278554027048,-0.8381543616030771,-0.32032289328385577,-0.20635535309827624,0.7983565166102671,0.5111368471486821,-0.5626607540371076,0.5893738665249644,-0.16630588637721333,-0.8276671796305992,0.6654224625834093,0.8182341367542576,-0.8623353922863302,-0.19470184891034448,0.7129294350142454,-0.451632358348224,-0.5653837705965821,-0.6780596266016512,-0.8904591679394778,-0.9982826559079361,-0.9970477696457396,0.5240761519690176,-0.5246959349881806,0.8710470564916899,-0.1992236736363031,0.9618757890961618,-0.3124896557386261,-0.10369790626803232,-0.8600775483277923,0.18714623898592864,0.9473626345807944,0.842149972831,-0.31340777261183406,-0.03457514679097895,-0.28110699079702517,0.7911105973319856,-0.6124577156139501,0.7628228011082971,-0.7821644542720179,-0.3217780455106414,0.7035431988715386,0.5510982703636222,-0.2469305337442107,-0.2960179286844462,0.7545606938185057,-0.10517162678119307,0.8188319398941237,-0.611543082642483,0.5261298186038719,0.021071051895337423,0.46869639723813394,0.013285805023643737,0.5095024332625979,0.9239555457805115,-0.7302239396799051,0.6744610463101739,0.77859926675982,0.06242916189202696,0.10513981607704848,-0.15937987742458049,0.7954315907890006,-0.9144111164397042,-0.2453111342039136,-0.17741679358486562,-0.6970930476150641,0.020337122590175394,0.14345290471087813,-0.015195048699850222,0.14539724320163638,-0.6895126256376516,-0.4925485675256631,-0.4351038856891227,0.9978532471774952,0.7843723727824927,0.9664876263430924,-0.14891734283085234,0.9888553520070806,-0.8782214684190894,-0.37637844052847624,-0.564308700124585,-0.20247967908568332,0.09389889045872435,-0.29905529035659173,0.5216714675977312,-0.2657533034302255,-0.15408554501721783,-0.9981919632611591,0.4476039000840877,0.309906241935316,0.09143456787596471,-0.8248033828392605,-0.6757424183256144,-0.8654092012781258,-0.5793785195638799,0.9219374649382059,-0.798393813024588,0.35243959266345315,-0.4971129079954193,-0.4642216504730081,-0.830502707680246,-0.7508186279168156,-0.8853356994412778,0.9835211952626173,-0.20709460426787984,-0.22838652935027248,0.3490730882169144,0.5225690497232485,0.3846788144231965,-0.18620464381868573,-0.17579053851837978,-0.08546826453393486,0.8629533161002607,-0.9289058284903946,0.8251847751742258,-0.4885445025599062,-0.21774474719188341,-0.3789533425803664,-0.5639541260967051,0.17803081458934678,0.15606829958040036,0.4331435675172808,0.284793062734245,-0.36296120659232534,0.19437826139298808,-0.7881558429520723,-0.9141152375450019,-0.4823604285812637,0.19063863729362485,-0.1522338573842672,-0.17209363907018238,0.7143562756059922,0.205691893817592,0.5060802198628498,0.47925787290079347,0.6258989387750642,-0.22758777686957798,0.08136571982082552,0.14893055338306915,-0.32879488193182427,-0.42130625558884294,-0.38603278048605416,0.8379252206875396,0.8121433453403686,0.6019872427547823,0.2830998994156455,-0.4755339233883662,0.49797889093830094,-0.20835377917546705,-0.19044111919885975,-0.3580538725283189,0.7984126393281952,0.5746275881473233,0.5788073624317387,0.5834443208027573,0.19402317855692175,-0.1723070819978494,0.8652406446356435,-0.7762387863486107,-0.5224486071760437,0.1533497480414825,0.31496300041547176,-0.502243112351727,-0.26650859382259506,-0.7350497479132669,-0.9955374005398283,0.9496550539635706,0.7291903553478614,-0.7772516288207283,0.27175951977886004,-0.24433632500528324,0.7791137992209425,-0.24464979049363733,0.05583868171509199,-0.6675056054588908,0.1814821286874997,0.6389824881692425,-0.43713737643108663,0.7920997225129729,-0.7382746076680411,-0.34984695315211134,-0.9707259691340044,-0.8702659319307988,-0.629631089297777,0.1570930960219692,0.5357487923594757,-0.43561996895522226,-0.952184154408267,-0.39638997507280305,0.9170378565899457,0.8213966743254244,-0.4942756449645431,0.6615376708961467,0.7574375510179463,0.5221703863033371,-0.2959757941253116,0.9246396561275381,-0.5035210945305049,0.6042700368954208,0.9343549703985585,-0.22975887598107647,0.011037511768003494,0.39313747983680525,0.2839561964351667,0.32789772113842663,-0.21305367227852923,0.558369971071186,0.9777923143058622,0.04162683761784258,0.23227074269368075,0.5667094587379262,0.9384073688373182,0.5920600304667372,0.1696606221847483,0.8328798799268515,-0.9748716256770973,0.3773192717672671,0.436752937576272,-0.0161442152120419,0.1157114418733114,-0.8776305581221013,-0.8676370237010465,0.25558680640354403,-0.7194552633422202,-0.6843382944298413,0.7930759636725631,-0.19352599656764324,0.388359585632873,-0.10115685500061744,0.6158084797795846,0.6832127510666408,0.4734543933521749,-0.05481390397624786,0.6831880516242359,-0.32561300650502645,0.540207404487465,-0.8980343424925112,0.3366225262044784,0.3523818715034097,0.8647527430663899,0.503817503671911,0.21466928018029385,-0.8675366853411213
54.50840771428194,0.9638076609263164,0.17213474064790546,-0.7477241631391003,0.7075434575706767,-0.15746473280852524,0.5010203277755982,0.9114690091916804,0.7178858888530151,-0.8587603873502889,-0.8238737411538888,-0.3967596950592158,-0.5066426001518469,-0.9688461048710657,-0.014596283162207069,-0.5284991594002886,-0.26017503449527535,0.044926228620710607,0.7363380053150916,0.164503017661644,0.6935184301171309,-0.991742680745364,-0.7553063275271086,0.7904548190575267,0.8434278554027048,-0.8381543616030771,-0.32032289328385577,-0.20635535309827624,0.7983565166102671,0.5111368471486821,-0.5626607540371076,0.5893738665249644,-0.16630588637721333,-0.8276671796305992,0.6654224625834093,0.8182341367542576,-0.8623353922863302,-0.19470184891034448,0.7129294350142454,-0.451632358348224,-0.5653837705965821,-0.6780596266016512,-0.8904591679394778,-0.9982826559079361,-0.9970477696457396,0.5240761519690176,-0.5246959349881806,0.8710470564916899,-0.1992236736363031,0.9618757890961618,-0.3124896557386261,-0.10369790626803232,-0.8600775483277923,0.18714623898592864,0.9473626345807944,0.842149972831,-0.31340777261183406,-0.03457514679097895,-0.28110699079702517,0.7911105973319856,-0.6124577156139501,0.7628228011082971,-0.7821644542720179,-0.3217780455106414,0.7035431988715386,0.5510982703636222,-0.2469305337442107,-0.2960179286844462,0.7545606938185057,-0.10517162678119307,0.8188319398941237,-0.611543082642483,0.5261298186038719,0.021071051895337423,0.46869639723813394,0.013285805023643737,0.5095024332625979,0.9239555457805115,-0.7302239396799051,0.6744610463101739,0.77859926675982,0.06242916189202696,0.10513981607704848,-0.15937987742458049,0.7954315907890006,-0.9144111164397042,-0.2453111342039136,-0.17741679358486562,-0.6970930476150641,0.020337122590175394,0.14345290471087813,-0.015195048699850222,0.14539724320163638,-0.6895126256376516,-0.4925485675256631,-0.4351038856891227,0.9978532471774952,0.7843723727824927,0.9664876263430924,-0.14891734283085234,0.9888553520070806,-0.8782214684190894,-0.37637844052847624,-0.564308700124585,-0.20247967908568332,0.09389889045872435,-0.29905529035659173,0.5216714675977312,-0.2657533034302255,-0.15408554501721783,-0.9981919632611591,0.4476039000840877,0.309906241935316,0.09143456787596471,-0.8248033828392605,-0.6757424183256144,-0.8654092012781258,-0.5793785195638799,0.9219374649382059,-0.798393813024588,0.35243959266345315,-0.4971129079954193,-0.4642216504730081,-0.830502707680246,-0.7508186279168156,-0.8853356994412778,0.9835211952626173,-0.20709460426787984,-0.22838652935027248,0.3490730882169144,0.5225690497232485,0.3846788144231965,-0.18620464381868573,-0.17579053851837978,-0.08546826453393486,0.8629533161002607,-0.9289058284903946,0.8251847751742258,-0.4885445025599062,-0.21774474719188341,-0.3789533425803664,-0.5639541260967051,0.17803081458934678,0.15606829958040036,0.4331435675172808,0.284793062734245,-0.36296120659232534,0.19437826139298808,-0.7881558429520723,-0.9141152375450019,-0.4823604285812637,0.19063863729362485,-0.1522338573842672,-0.17209363907018238,0.7143562756059922,0.205691893817592,0.5060802198628498,0.47925787290079347,0.6258989387750642,-0.22758777686957798,0.08136571982082552,0.14893055338306915,-0.32879488193182427,-0.42130625558884294,-0.38603278048605416,0.8379252206875396,0.8121433453403686,0.6019872427547823,0.2830998994156455,-0.4755339233883662,0.49797889093830094,-0.20835377917546705,-0.19044111919885975,-0.3580538725283189,0.7984126393281952,0.5746275881473233,0.5788073624317387,0.5834443208027573,0.19402317855692175,-0.1723070819978494,0.8652406446356435,-0.7762387863486107,-0.5224486071760437,0.1533497480414825,0.31496300041547176,-0.502243112351727,-0.26650859382259506,-0.7350497479132669,-0.9955374005398283,0.9496550539635706,0.7291903553478614,-0.7772516288207283,0.27175951977886004,-0.24433632500528324,0.7791137992209425,-0.24464979049363733,0.05583868171509199,-0.6675056054588908,0.1814821286874997,0.6389824881692425,-0.43713737643108663,0.7920997225129729,-0.7382746076680411,-0.34984695315211134,-0.9707259691340044,-0.8702659319307988,-0.629631089297777,0.1570930960219692,0.5357487923594757,-0.43561996895522226,-0.952184154408267,-0.39638997507280305,0.9170378565899457,0.8213966743254244,-0.4942756449645431,0.6615376708961467,0.7574375510179463,0.5221703863033371,-0.2959757941253116,0.9246396561275381,-0.5035210945305049,0.6042700368954208,0.9343549703985585,-0.22975887598107647,0.011037511768003494,0.39313747983680525,0.2839561964351667,0.32789772113842663,-0.21305367227852923,0.558369971071186,0.9777923143058622,0.04162683761784258,0.23227074269368075,0.5667094587379262,0.9384073688373182,0.5920600304667372,0.1696606221847483,0.8328798799268515,-0.9748716256770973,0.3773192717672671,0.436752937576272,-0.0161442152120419,0.1157114418733114,-0.8776305581221013,-0.8676370237010465,0.25558680640354403,-0.7194552633422202,-0.6843382944298413,0.7930759636725631,-0.19352599656764324,0.388359585632873,-0.10115685500061744,0.6158084797795846,0.6832127510666408,0.4734543933521749,-0.05481390397624786,0.6831880516242359,-0.32561300650502645,0.540207404487465,-0.8980343424925112,0.3366225262044784,0.3523818715034097,0.8647527430663899,0.503817503671911,0.21466928018029385,-0.8675366853411213
54.50840771428194,0.9638076609263164,0.17213474064790546,-0.7477241631391003,0.7075434575706767,-0.15746473280852524,0.5010203277755982,0.9114690091916804,0.7178858888530151,-0.8587603873502889,-0.8238737411538888,-0.3967596950592158,-0.5066426001518469,-0.9688461048710657,-0.014596283162207069,-0.5284991594002886,-0.26017503449527535,0.044926228620710607,0.7363380053150916,0.164503017661644,0.6935184301171309,-0.991742680745364,-0.7553063275271086,0.7904548190575267,0.8434278554027048,-0.8381543616030771,-0.32032289328385577,-0.20635535309827624,0.7983565166102671,0.5111368471486821,-0.5626607540371076,0.5893738665249644,-0.16630588637721333,-0.8276671796305992,0.6654224625834093,0.8182341367542576,-0.8623353922863302,-0.19470184891034448,0.7129294350142454,-0.451632358348224,-0.5653837705965821,-0.6780596266016512,-0.8904591679394778,-0.9982826559079361,-0.9970477696457396,0.5240761519690176,-0.5246959349881806,0.8710470564916899,-0.1992236736363031,0.9618757890961618,-0.3124896557386261,-0.10369790626803232,-0.8600775483277923,0.18714623898592864,0.9473626345807944,0.842149972831,-0.31340777261183406,-0.03457514679097895,-0.28110699079702517,0.7911105973319856,-0.6124577156139501,0.7628228011082971,-0.7821644542720179,-0.3217780455106414,0.7035431988715386,0.5510982703636222,-0.2469305337442107,-0.2960179286844462,0.7545606938185057,-0.10517162678119307,0.8188319398941237,-0.611543082642483,0.5261298186038719,0.021071051895337423,0.46869639723813394,0.013285805023643737,0.5095024332625979,0.9239555457805115,-0.7302239396799051,0.6744610463101739,0.77859926675982,0.06242916189202696,0.10513981607704848,-0.15937987742458049,0.7954315907890006,-0.9144111164397042,-0.2453111342039136,-0.17741679358486562,-0.6970930476150641,0.020337122590175394,0.14345290471087813,-0.015195048699850222,0.14539724320163638,-0.6895126256376516,-0.4925485675256631,-0.4351038856891227,0.9978532471774952,0.7843723727824927,0.9664876263430924,-0.14891734283085234,0.9888553520070806,-0.8782214684190894,-0.37637844052847624,-0.564308700124585,-0.20247967908568332,0.09389889045872435,-0.29905529035659173,0.5216714675977312,-0.2657533034302255,-0.15408554501721783,-0.9981919632611591,0.4476039000840877,0.309906241935316,0.09143456787596471,-0.8248033828392605,-0.6757424183256144,-0.8654092012781258,-0.5793785195638799,0.9219374649382059,-0.798393813024588,0.35243959266345315,-0.4971129079954193,-0.4642216504730081,-0.830502707680246,-0.7508186279168156,-0.8853356994412778,0.9835211952626173,-0.20709460426787984,-0.22838652935027248,0.3490730882169144,0.5225690497232485,0.3846788144231965,-0.18620464381868573,-0.17579053851837978,-0.08546826453393486,0.8629533161002607,-0.9289058284903946,0.8251847751742258,-0.4885445025599062,-0.21774474719188341,-0.3789533425803664,-0.5639541260967051,0.17803081458934678,0.15606829958040036,0.4331435675172808,0.284793062734245,-0.36296120659232534,0.19437826139298808,-0.7881558429520723,-0.9141152375450019,-0.4823604285812637,0.19063863729362485,-0.1522338573842672,-0.17209363907018238,0.7143562756059922,0.205691893817592,0.5060802198628498,0.47925787290079347,0.6258989387750642,-0.22758777686957798,0.08136571982082552,0.14893055338306915,-0.32879488193182427,-0.42130625558884294,-0.38603278048605416,0.8379252206875396,0.8121433453403686,0.6019872427547823,0.2830998994156455,-0.4755339233883662,0.49797889093830094,-0.20835377917546705,-0.19044111919885975,-0.3580538725283189,0.7984126393281952,0.5746275881473233,0.5788073624317387,0.5834443208027573,0.19402317855692175,-0.1723070819978494,0.8652406446356435,-0.7762387863486107,-0.5224486071760437,0.1533497480414825,0.31496300041547176,-0.502243112351727,-0.26650859382259506,-0.7350497479132669,-0.9955374005398283,0.9496550539635706,0.7291903553478614,-0.7772516288207283,0.27175951977886004,-0.24433632500528324,0.7791137992209425,-0.24464979049363733,0.05583868171509199,-0.6675056054588908,0.1814821286874997,0.6389824881692425,-0.43713737643108663,0.7920997225129729,-0.7382746076680411,-0.34984695315211134,-0.9707259691340044,-0.8702659319307988,-0.629631089297777,0.1570930960219692,0.5357487923594757,-0.43561996895522226,-0.952184154408267,-0.39638997507280305,0.9170378565899457,0.8213966743254244,-0.4942756449645431,0.6615376708961467,0.7574375510179463,0.5221703863033371,-0.2959757941253116,0.9246396561275381,-0.5035210945305049,0.6042700368954208,0.9343549703985585,-0.22975887598107647,0.011037511768003494,0.39313747983680525,0.2839561964351667,0.32789772113842663,-0.21305367227852923,0.558369971071186,0.9777923143058622,0.04162683761784258,0.23227074269368075,0.5667094587379262,0.9384073688373182,0.5920600304667372,0.1696606221847483,0.8328798799268515,-0.9748716256770973,0.3773192717672671,0.436752937576272,-0.0161442152120419,0.1157114418733114,-0.8776305581221013,-0.8676370237010465,0.25558680640354403,-0.7194552633422202,-0.6843382944298413,0.7930759636725631,-0.19352599656764324,0.388359585632873,-0.10115685500061744,0.6158084797795846,0.6832127510666408,0.4734543933521749,-0.05481390397624786,0.6831880516242359,-0.32561300650502645,0.540207404487465,-0.8980343424925112,0.3366225262044784,0.3523818715034097,0.8647527430663899,0.503817503671911,0.21466928018029385,-0.8675366853411213
54.50840771428194,0.9638076609263164,0.17213474064790546,-0.7477241631391003,0.7075434575706767,-0.15746473280852524,0.5010203277755982,0.9114690091916804,0.7178858888530151,-0.8587603873502889,-0.8238737411538888,-0.3967596950592158,-0.5066426001518469,-0.9688461048710657,-0.014596283162207069,-0.5284991594002886,-0.26017503449527535,0.044926228620710607,0.7363380053150916,0.164503017661644,0.6935184301171309,-0.991742680745364,-0.7553063275271086,0.7904548190575267,0.8434278554027048,-0.8381543616030771,-0.32032289328385577,-0.20635535309827624,0.7983565166102671,0.5111368471486821,-0.5626607540371076,0.5893738665249644,-0.16630588637721333,-0.8276671796305992,0.6654224625834093,0.8182341367542576,-0.8623353922863302,-0.19470184891034448,0.7129294350142454,-0.451632358348224,-0.5653837705965821,-0.6780596266016512,-0.8904591679394778,-0.9982826559079361,-0.9970477696457396,0.5240761519690176,-0.5246959349881806,0.8710470564916899,-0.1992236736363031,0.9618757890961618,-0.3124896557386261,-0.10369790626803232,-0.8600775483277923,0.18714623898592864,0.9473626345807944,0.842149972831,-0.31340777261183406,-0.03457514679097895,-0.28110699079702517,0.7911105973319856,-0.6124577156139501,0.7628228011082971,-0.7821644542720179,-0.3217780455106414,0.7035431988715386,0.5510982703636222,-0.2469305337442107,-0.2960179286844462,0.7545606938185057,-0.10517162678119307,0.8188319398941237,-0.611543082642483,0.5261298186038719,0.021071051895337423,0.46869639723813394,0.013285805023643737,0.5095024332625979,0.9239555457805115,-0.7302239396799051,0.6744610463101739,0.77859926675982,0.06242916189202696,0.10513981607704848,-0.15937987742458049,0.7954315907890006,-0.9144111164397042,-0.2453111342039136,-0.17741679358486562,-0.6970930476150641,0.020337122590175394,0.14345290471087813,-0.015195048699850222,0.14539724320163638,-0.6895126256376516,-0.4925485675256631,-0.4351038856891227,0.9978532471774952,0.7843723727824927,0.9664876263430924,-0.14891734283085234,0.9888553520070806,-0.8782214684190894,-0.37637844052847624,-0.564308700124585,-0.20247967908568332,0.09389889045872435,-0.29905529035659173,0.5216714675977312,-0.2657533034302255,-0.15408554501721783,-0.9981919632611591,0.4476039000840877,0.309906241935316,0.09143456787596471,-0.8248033828392605,-0.6757424183256144,-0.8654092012781258,-0.5793785195638799,0.9219374649382059,-0.798393813024588,0.35243959266345315,-0.4971129079954193,-0.4642216504730081,-0.830502707680246,-0.7508186279168156,-0.8853356994412778,0.9835211952626173,-0.20709460426787984,-0.22838652935027248,0.3490730882169144,0.5225690497232485,0.3846788144231965,-0.18620464381868573,-0.17579053851837978,-0.08546826453393486,0.8629533161002607,-0.9289058284903946,0.8251847751742258,-0.4885445025599062,-0.21774474719188341,-0.3789533425803664,-0.5639541260967051,0.17803081458934678,0.15606829958040036,0.4331435675172808,0.284793062734245,-0.36296120659232534,0.19437826139298808,-0.7881558429520723,-0.9141152375450019,-0.4823604285812637,0.19063863729362485,-0.1522338573842672,-0.17209363907018238,0.7143562756059922,0.205691893817592,0.5060802198628498,0.47925787290079347,0.6258989387750642,-0.22758777686957798,0.08136571982082552,0.14893055338306915,-0.32879488193182427,-0.42130625558884294,-0.38603278048605416,0.8379252206875396,0.8121433453403686,0.6019872427547823,0.2830998994156455,-0.4755339233883662,0.49797889093830094,-0.20835377917546705,-0.19044111919885975,-0.3580538725283189,0.7984126393281952,0.5746275881473233,0.5788073624317387,0.5834443208027573,0.19402317855692175,-0.1723070819978494,0.8652406446356435,-0.7762387863486107,-0.5224486071760437,0.1533497480414825,0.31496300041547176,-0.502243112351727,-0.26650859382259506,-0.7350497479132669,-0.9955374005398283,0.9496550539635706,0.7291903553478614,-0.7772516288207283,0.27175951977886004,-0.24433632500528324,0.7791137992209425,-0.24464979049363733,0.05583868171509199,-0.6675056054588908,0.1814821286874997,0.6389824881692425,-0.43713737643108663,0.7920997225129729,-0.7382746076680411,-0.34984695315211134,-0.9707259691340044,-0.8702659319307988,-0.629631089297777,0.1570930960219692,0.5357487923594757,-0.43561996895522226,-0.952184154408267,-0.39638997507280305,0.9170378565899457,0.8213966743254244,-0.4942756449645431,0.6615376708961467,0.7574375510179463,0.5221703863033371,-0.2959757941253116,0.9246396561275381,-0.5035210945305049,0.6042700368954208,0.9343549703985585,-0.22975887598107647,0.011037511768003494,0.39313747983680525,0.2839561964351667,0.32789772113842663,-0.21305367227852923,0.558369971071186,0.9777923143058622,0.04162683761784258,0.23227074269368075,0.5667094587379262,0.9384073688373182,0.5920600304667372,0.1696606221847483,0.8328798799268515,-0.9748716256770973,0.3773192717672671,0.436752937576272,-0.0161442152120419,0.1157114418733114,-0.8776305581221013,-0.8676370237010465,0.25558680640354403,-0.7194552633422202,-0.6843382944298413,0.7930759636725631,-0.19352599656764324,0.388359585632873,-0.10115685500061744,0.6158084797795846,0.6832127510666408,0.4734543933521749,-0.05481390397624786,0.6831880516242359,-0.32561300650502645,0.540207404487465,-0.8980343424925112,0.3366225262044784,0.3523818715034097,0.8647527430663899,0.503817503671911,0.21466928018029385,-0.8675366853411213
54.50840771428194,0.9638076609263164,0.17213474064790546,-0.7477241631391003,0.7075434575706767,-0.15746473280852524,0.5010203277755982,0.9114690091916804,0.7178858888530151,-0.8587603873502889,-0.8238737411538888,-0.3967596950592158,-0.5066426001518469,-0.9688461048710657,-0.014596283162207069,-0.5284991594002886,-0.26017503449527535,0.044926228620710607,0.7363380053150916,0.164503017661644,0.6935184301171309,-0.991742680745364,-0.7553063275271086,0.7904548190575267,0.8434278554027048,-0.8381543616030771,-0.32032289328385577,-0.20635535309827624,0.7983565166102671,0.5111368471486821,-0.5626607540371076,0.5893738665249644,-0.16630588637721333,-0.8276671796305992,0.6654224625834093,0.8182341367542576,-0.8623353922863302,-0.19470184891034448,0.7129294350142454,-0.451632358348224,-0.5653837705965821,-0.6780596266016512,-0.8904591679394778,-0.9982826559079361,-0.9970477696457396,0.5240761519690176,-0.5246959349881806,0.8710470564916899,-0.1992236736363031,0.9618757890961618,-0.3124896557386261,-0.10369790626803232,-0.8600775483277923,0.18714623898592864,0.9473626345807944,0.842149972831,-0.31340777261183406,-0.03457514679097895,-0.28110699079702517,0.7911105973319856,-0.6124577156139501,0.7628228011082971,-0.7821644542720179,-0.3217780455106414,0.7035431988715386,0.5510982703636222,-0.2469305337442107,-0.2960179286844462,0.7545606938185057,-0.10517162678119307,0.8188319398941237,-0.611543082642483,0.5261298186038719,0.021071051895337423,0.46869639723813394,0.013285805023643737,0.5095024332625979,0.9239555457805115,-0.7302239396799051,0.6744610463101739,0.77859926675982,0.06242916189202696,0.10513981607704848,-0.15937987742458049,0.7954315907890006,-0.9144111164397042,-0.2453111342039136,-0.17741679358486562,-0.6970930476150641,0.020337122590175394,0.14345290471087813,-0.015195048699850222,0.14539724320163638,-0.6895126256376516,-0.4925485675256631,-0.4351038856891227,0.9978532471774952,0.7843723727824927,0.9664876263430924,-0.14891734283085234,0.9888553520070806,-0.8782214684190894,-0.37637844052847624,-0.564308700124585,-0.20247967908568332,0.09389889045872435,-0.29905529035659173,0.5216714675977312,-0.2657533034302255,-0.15408554501721783,-0.9981919632611591,0.4476039000840877,0.309906241935316,0.09143456787596471,-0.8248033828392605,-0.6757424183256144,-0.8654092012781258,-0.5793785195638799,0.9219374649382059,-0.798393813024588,0.35243959266345315,-0.4971129079954193,-0.4642216504730081,-0.830502707680246,-0.7508186279168156,-0.8853356994412778,0.9835211952626173,-0.20709460426787984,-0.22838652935027248,0.3490730882169144,0.5225690497232485,0.3846788144231965,-0.18620464381868573,-0.17579053851837978,-0.08546826453393486,0.8629533161002607,-0.9289058284903946,0.8251847751742258,-0.4885445025599062,-0.21774474719188341,-0.3789533425803664,-0.5639541260967051,0.17803081458934678,0.15606829958040036,0.4331435675172808,0.284793062734245,-0.36296120659232534,0.19437826139298808,-0.7881558429520723,-0.9141152375450019,-0.4823604285812637,0.19063863729362485,-0.1522338573842672,-0.17209363907018238,0.7143562756059922,0.205691893817592,0.5060802198628498,0.47925787290079347,0.6258989387750642,-0.22758777686957798,0.08136571982082552,0.14893055338306915,-0.32879488193182427,-0.42130625558884294,-0.38603278048605416,0.8379252206875396,0.8121433453403686,0.6019872427547823,0.2830998994156455,-0.4755339233883662,0.49797889093830094,-0.20835377917546705,-0.19044111919885975,-0.3580538725283189,0.7984126393281952,0.5746275881473233,0.5788073624317387,0.5834443208027573,0.19402317855692175,-0.1723070819978494,0.8652406446356435,-0.7762387863486107,-0.5224486071760437,0.1533497480414825,0.31496300041547176,-0.502243112351727,-0.26650859382259506,-0.7350497479132669,-0.9955374005398283,0.9496550539635706,0.7291903553478614,-0.7772516288207283,0.27175951977886004,-0.24433632500528324,0.7791137992209425,-0.24464979049363733,0.05583868171509199,-0.6675056054588908,0.1814821286874997,0.6389824881692425,-0.43713737643108663,0.7920997225129729,-0.7382746076680411,-0.34984695315211134,-0.9707259691340044,-0.8702659319307988,-0.629631089297777,0.1570930960219692,0.5357487923594757,-0.43561996895522226,-0.952184154408267,-0.39638997507280305,0.9170378565899457,0.8213966743254244,-0.4942756449645431,0.6615376708961467,0.7574375510179463,0.5221703863033371,-0.2959757941253116,0.9246396561275381,-0.5035210945305049,0.6042700368954208,0.9343549703985585,-0.22975887598107647,0.011037511768003494,0.39313747983680525,0.2839561964351667,0.32789772113842663,-0.21305367227852923,0.558369971071186,0.9777923143058622,0.04162683761784258,0.23227074269368075,0.5667094587379262,0.9384073688373182,0.5920600304667372,0.1696606221847483,0.8328798799268515,-0.9748716256770973,0.3773192717672671,0.436752937576272,-0.0161442152120419,0.1157114418733114,-0.8776305581221013,-0.8676370237010465,0.25558680640354403,-0.7194552633422202,-0.6843382944298413,0.7930759636725631,-0.19352599656764324,0.388359585632873,-0.10115685500061744,0.6158084797795846,0.6832127510666408,0.4734543933521749,-0.05481390397624786,0.6831880516242359,-0.32561300650502645,0.540207404487465,-0.8980343424925112,0.3366225262044784,0.3523818715034097,0.8647527430663899,0.503817503671911,0.21466928018029385,-0.8675366853411213
54.50840771428194,0.9638076609263164,0.17213474064790546,-0.7477241631391003,0.7075434575706767,-0.15746473280852524,0.5010203277755982,0.9114690091916804,0.7178858888530151,-0.8587603873502889,-0.8238737411538888,-0.3967596950592158,-0.5066426001518469,-0.9688461048710657,-0.014596283162207069,-0.5284991594002886,-0.26017503449527535,0.044926228620710607,0.7363380053150916,0.164503017661644,0.6935184301171309,-0.991742680745364,-0.7553063275271086,0.7904548190575267,0.8434278554027048,-0.8381543616030771,-0.32032289328385577,-0.20635535309827624,0.7983565166102671,0.5111368471486821,-0.5626607540371076,0.5893738665249644,-0.16630588637721333,-0.8276671796305992,0.6654224625834093,0.8182341367542576,-0.8623353922863302,-0.19470184891034448,0.7129294350142454,-0.451632358348224,-0.5653837705965821,-0.6780596266016512,-0.8904591679394778,-0.9982826559079361,-0.9970477696457396,0.5240761519690176,-0.5246959349881806,0.8710470564916899,-0.1992236736363031,0.9618757890961618,-0.3124896557386261,-0.10369790626803232,-0.8600775483277923,0.18714623898592864,0.9473626345807944,0.842149972831,-0.31340777261183406,-0.03457514679097895,-0.28110699079702517,0.7911105973319856,-0.6124577156139501,0.7628228011082971,-0.7821644542720179,-0.3217780455106414,0.7035431988715386,0.5510982703636222,-0.2469305337442107,-0.2960179286844462,0.7545606938185057,-0.10517162678119307,0.8188319398941237,-0.611543082642483,0.5261298186038719,0.021071051895337423,0.46869639723813394,0.013285805023643737,0.5095024332625979,0.9239555457805115,-0.7302239396799051,0.6744610463101739,0.77859926675982,0.06242916189202696,0.10513981607704848,-0.15937987742458049,0.7954315907890006,-0.9144111164397042,-0.2453111342039136,-0.17741679358486562,-0.6970930476150641,0.020337122590175394,0.14345290471087813,-0.015195048699850222,0.14539724320163638,-0.6895126256376516,-0.4925485675256631,-0.4351038856891227,0.9978532471774952,0.7843723727824927,0.9664876263430924,-0.14891734283085234,0.9888553520070806,-0.8782214684190894,-0.37637844052847624,-0.564308700124585,-0.20247967908568332,0.09389889045872435,-0.29905529035659173,0.5216714675977312,-0.2657533034302255,-0.15408554501721783,-0.9981919632611591,0.4476039000840877,0.309906241935316,0.09143456787596471,-0.8248033828392605,-0.6757424183256144,-0.8654092012781258,-0.5793785195638799,0.9219374649382059,-0.798393813024588,0.35243959266345315,-0.4971129079954193,-0.4642216504730081,-0.830502707680246,-0.7508186279168156,-0.8853356994412778,0.9835211952626173,-0.20709460426787984,-0.22838652935027248,0.3490730882169144,0.5225690497232485,0.3846788144231965,-0.18620464381868573,-0.17579053851837978,-0.08546826453393486,0.8629533161002607,-0.9289058284903946,0.8251847751742258,-0.4885445025599062,-0.21774474719188341,-0.3789533425803664,-0.5639541260967051,0.17803081458934678,0.15606829958040036,0.4331435675172808,0.284793062734245,-0.36296120659232534,0.19437826139298808,-0.7881558429520723,-0.9141152375450019,-0.4823604285812637,0.19063863729362485,-0.1522338573842672,-0.17209363907018238,0.7143562756059922,0.205691893817592,0.5060802198628498,0.47925787290079347,0.6258989387750642,-0.22758777686957798,0.08136571982082552,0.14893055338306915,-0.32879488193182427,-0.42130625558884294,-0.38603278048605416,0.8379252206875396,0.8121433453403686,0.6019872427547823,0.2830998994156455,-0.4755339233883662,0.49797889093830094,-0.20835377917546705,-0.19044111919885975,-0.3580538725283189,0.7984126393281952,0.5746275881473233,0.5788073624317387,0.5834443208027573,0.19402317855692175,-0.1723070819978494,0.8652406446356435,-0.7762387863486107,-0.5224486071760437,0.1533497480414825,0.31496300041547176,-0.502243112351727,-0.26650859382259506,-0.7350497479132669,-0.9955374005398283,0.9496550539635706,0.7291903553478614,-0.7772516288207283,0.27175951977886004,-0.24433632500528324,0.7791137992209425,-0.24464979049363733,0.05583868171509199,-0.6675056054588908,0.1814821286874997,0.6389824881692425,-0.43713737643108663,0.7920997225129729,-0.7382746076680411,-0.34984695315211134,-0.9707259691340044,-0.8702659319307988,-0.629631089297777,0.1570930960219692,0.5357487923594757,-0.43561996895522226,-0.952184154408267,-0.39638997507280305,0.9170378565899457,0.8213966743254244,-0.4942756449645431,0.6615376708961467,0.7574375510179463,0.5221703863033371,-0.2959757941253116,0.9246396561275381,-0.5035210945305049,0.6042700368954208,0.9343549703985585,-0.22975887598107647,0.011037511768003494,0.39313747983680525,0.2839561964351667,0.32789772113842663,-0.21305367227852923,0.558369971071186,0.9777923143058622,0.04162683761784258,0.23227074269368075,0.5667094587379262,0.9384073688373182,0.5920600304667372,0.1696606221847483,0.8328798799268515,-0.9748716256770973,0.3773192717672671,0.436752937576272,-0.0161442152120419,0.1157114418733114,-0.8776305581221013,-0.8676370237010465,0.25558680640354403,-0.7194552633422202,-0.6843382944298413,0.7930759636725631,-0.19352599656764324,0.388359585632873,-0.10115685500061744,0.6158084797795846,0.6832127510666408,0.4734543933521749,-0.05481390397624786,0.6831880516242359,-0.32561300650502645,0.540207404487465,-0.8980343424925112,0.3366225262044784,0.3523818715034097,0.8647527430663899,0.503817503671911,0.21466928018029385,-0.8675366853411213
54.50840771428194,0.9638076609263164,0.17213474064790546,-0.7477241631391003,0.7075434575706767,-0.15746473280852524,0.5010203277755982,0.9114690091916804,0.7178858888530151,-0.8587603873502889,-0.8238737411538888,-0.3967596950592158,-0.5066426001518469,-0.9688461048710657,-0.014596283162207069,-0.5284991594002886,-0.26017503449527535,0.044926228620710607,0.7363380053150916,0.164503017661644,0.6935184301171309,-0.991742680745364,-0.7553063275271086,0.7904548190575267,0.8434278554027048,-0.8381543616030771,-0.32032289328385577,-0.20635535309827624,0.7983565166102671,0.5111368471486821,-0.5626607540371076,0.5893738665249644,-0.16630588637721333,-0.8276671796305992,0.6654224625834093,0.8182341367542576,-0.8623353922863302,-0.19470184891034448,0.7129294350142454,-0.451632358348224,-0.5653837705965821,-0.6780596266016512,-0.8904591679394778,-0.9982826559079361,-0.9970477696457396,0.5240761519690176,-0.5246959349881806,0.8710470564916899,-0.1992236736363031,0.9618757890961618,-0.3124896557386261,-0.10369790626803232,-0.8600775483277923,0.18714623898592864,0.9473626345807944,0.842149972831,-0.31340777261183406,-0.03457514679097895,-0.28110699079702517,0.7911105973319856,-0.6124577156139501,0.7628228011082971,-0.7821644542720179,-0.3217780455106414,0.7035431988715386,0.5510982703636222,-0.2469305337442107,-0.2960179286844462,0.7545606938185057,-0.10517162678119307,0.8188319398941237,-0.611543082642483,0.5261298186038719,0.021071051895337423,0.46869639723813394,0.013285805023643737,0.5095024332625979,0.9239555457805115,-0.7302239396799051,0.6744610463101739,0.77859926675982,0.06242916189202696,0.10513981607704848,-0.15937987742458049,0.7954315907890006,-0.9144111164397042,-0.2453111342039136,-0.17741679358486562,-0.6970930476150641,0.020337122590175394,0.14345290471087813,-0.015195048699850222,0.14539724320163638,-0.6895126256376516,-0.4925485675256631,-0.4351038856891227,0.9978532471774952,0.7843723727824927,0.9664876263430924,-0.14891734283085234,0.9888553520070806,-0.8782214684190894,-0.37637844052847624,-0.564308700124585,-0.20247967908568332,0.09389889045872435,-0.29905529035659173,0.5216714675977312,-0.2657533034302255,-0.15408554501721783,-0.9981919632611591,0.4476039000840877,0.309906241935316,0.09143456787596471,-0.8248033828392605,-0.6757424183256144,-0.8654092012781258,-0.5793785195638799,0.9219374649382059,-0.798393813024588,0.35243959266345315,-0.4971129079954193,-0.4642216504730081,-0.830502707680246,-0.7508186279168156,-0.8853356994412778,0.9835211952626173,-0.20709460426787984,-0.22838652935027248,0.3490730882169144,0.5225690497232485,0.3846788144231965,-0.18620464381868573,-0.17579053851837978,-0.08546826453393486,0.8629533161002607,-0.9289058284903946,0.8251847751742258,-0.4885445025599062,-0.21774474719188341,-0.3789533425803664,-0.5639541260967051,0.17803081458934678,0.15606829958040036,0.4331435675172808,0.284793062734245,-0.36296120659232534,0.19437826139298808,-0.7881558429520723,-0.9141152375450019,-0.4823604285812637,0.19063863729362485,-0.1522338573842672,-0.17209363907018238,0.7143562756059922,0.205691893817592,0.5060802198628498,0.47925787290079347,0.6258989387750642,-0.22758777686957798,0.08136571982082552,0.14893055338306915,-0.32879488193182427,-0.42130625558884294,-0.38603278048605416,0.8379252206875396,0.8121433453403686,0.6019872427547823,0.2830998994156455,-0.4755339233883662,0.49797889093830094,-0.20835377917546705,-0.19044111919885975,-0.3580538725283189,0.7984126393281952,0.5746275881473233,0.5788073624317387,0.5834443208027573,0.19402317855692175,-0.1723070819978494,0.8652406446356435,-0.7762387863486107,-0.5224486071760437,0.1533497480414825,0.31496300041547176,-0.502243112351727,-0.26650859382259506,-0.7350497479132669,-0.9955374005398283,0.9496550539635706,0.7291903553478614,-0.7772516288207283,0.27175951977886004,-0.24433632500528324,0.7791137992209425,-0.24464979049363733,0.05583868171509199,-0.6675056054588908,0.1814821286874997,0.6389824881692425,-0.43713737643108663,0.7920997225129729,-0.7382746076680411,-0.34984695315211134,-0.9707259691340044,-0.8702659319307988,-0.629631089297777,0.1570930960219692,0.5357487923594757,-0.43561996895522226,-0.952184154408267,-0.39638997507280305,0.9170378565899457,0.8213966743254244,-0.4942756449645431,0.6615376708961467,0.7574375510179463,0.5221703863033371,-0.2959757941253116,0.9246396561275381,-0.5035210945305049,0.6042700368954208,0.9343549703985585,-0.22975887598107647,0.011037511768003494,0.39313747983680525,0.2839561964351667,0.32789772113842663,-0.21305367227852923,0.558369971071186,0.9777923143058622,0.04162683761784258,0.23227074269368075,0.5667094587379262,0.9384073688373182,0.5920600304667372,0.1696606221847483,0.8328798799268515,-0.9748716256770973,0.3773192717672671,0.436752937576272,-0.0161442152120419,0.1157114418733114,-0.8776305581221013,-0.8676370237010465,0.25558680640354403,-0.7194552633422202,-0.6843382944298413,0.7930759636725631,-0.19352599656764324,0.388359585632873,-0.10115685500061744,0.6158084797795846,0.6832127510666408,0.4734543933521749,-0.05481390397624786,0.6831880516242359,-0.32561300650502645,0.540207404487465,-0.8980343424925112,0.3366225262044784,0.3523818715034097,0.8647527430663899,0.503817503671911,0.21466928018029385,-0.8675366853411213
54.50840771428194,0.9638076609263164,0.17213474064790546,-0.7477241631391003,0.7075434575706767,-0.15746473280852524,0.5010203277755982,0.9114690091916804,0.7178858888530151,-0.8587603873502889,-0.8238737411538888,-0.3967596950592158,-0.5066426001518469,-0.9688461048710657,-0.014596283162207069,-0.5284991594002886,-0.26017503449527535,0.044926228620710607,0.7363380053150916,0.164503017661644,0.6935184301171309,-0.991742680745364,-0.7553063275271086,0.7904548190575267,0.8434278554027048,-0.8381543616030771,-0.32032289328385577,-0.20635535309827624,0.7983565166102671,0.5111368471486821,-0.5626607540371076,0.5893738665249644,-0.16630588637721333,-0.8276671796305992,0.6654224625834093,0.8182341367542576,-0.8623353922863302,-0.19470184891034448,0.7129294350142454,-0.451632358348224,-0.5653837705965821,-0.6780596266016512,-0.8904591679394778,-0.9982826559079361,-0.9970477696457396,0.5240761519690176,-0.5246959349881806,0.8710470564916899,-0.1992236736363031,0.9618757890961618,-0.3124896557386261,-0.10369790626803232,-0.8600775483277923,0.18714623898592864,0.9473626345807944,0.842149972831,-0.31340777261183406,-0.03457514679097895,-0.28110699079702517,0.7911105973319856,-0.6124577156139501,0.7628228011082971,-0.7821644542720179,-0.3217780455106414,0.7035431988715386,0.5510982703636222,-0.2469305337442107,-0.2960179286844462,0.7545606938185057,-0.10517162678119307,0.8188319398941237,-0.611543082642483,0.5261298186038719,0.021071051895337423,0.46869639723813394,0.013285805023643737,0.5095024332625979,0.9239555457805115,-0.7302239396799051,0.6744610463101739,0.77859926675982,0.06242916189202696,0.10513981607704848,-0.15937987742458049,0.7954315907890006,-0.9144111164397042,-0.2453111342039136,-0.17741679358486562,-0.6970930476150641,0.020337122590175394,0.14345290471087813,-0.015195048699850222,0.14539724320163638,-0.6895126256376516,-0.4925485675256631,-0.4351038856891227,0.9978532471774952,0.7843723727824927,0.9664876263430924,-0.14891734283085234,0.9888553520070806,-0.8782214684190894,-0.37637844052847624,-0.564308700124585,-0.20247967908568332,0.09389889045872435,-0.29905529035659173,0.5216714675977312,-0.2657533034302255,-0.15408554501721783,-0.9981919632611591,0.4476039000840877,0.309906241935316,0.09143456787596471,-0.8248033828392605,-0.6757424183256144,-0.8654092012781258,-0.5793785195638799,0.9219374649382059,-0.798393813024588,0.35243959266345315,-0.4971129079954193,-0.4642216504730081,-0.830502707680246,-0.7508186279168156,-0.8853356994412778,0.9835211952626173,-0.20709460426787984,-0.22838652935027248,0.3490730882169144,0.5225690497232485,0.3846788144231965,-0.18620464381868573,-0.17579053851837978,-0.08546826453393486,0.8629533161002607,-0.9289058284903946,0.8251847751742258,-0.4885445025599062,-0.21774474719188341,-0.3789533425803664,-0.5639541260967051,0.17803081458934678,0.15606829958040036,0.4331435675172808,0.284793062734245,-0.36296120659232534,0.19437826139298808,-0.7881558429520723,-0.9141152375450019,-0.4823604285812637,0.19063863729362485,-0.1522338573842672,-0.17209363907018238,0.7143562756059922,0.205691893817592,0.5060802198628498,0.47925787290079347,0.6258989387750642,-0.22758777686957798,0.08136571982082552,0.14893055338306915,-0.32879488193182427,-0.42130625558884294,-0.38603278048605416,0.8379252206875396,0.8121433453403686,0.6019872427547823,0.2830998994156455,-0.4755339233883662,0.49797889093830094,-0.20835377917546705,-0.19044111919885975,-0.3580538725283189,0.7984126393281952,0.5746275881473233,0.5788073624317387,0.5834443208027573,0.19402317855692175,-0.1723070819978494,0.8652406446356435,-0.7762387863486107,-0.5224486071760437,0.1533497480414825,0.31496300041547176,-0.502243112351727,-0.26650859382259506,-0.7350497479132669,-0.9955374005398283,0.9496550539635706,0.7291903553478614,-0.7772516288207283,0.27175951977886004,-0.24433632500528324,0.7791137992209425,-0.24464979049363733,0.05583868171509199,-0.6675056054588908,0.1814821286874997,0.6389824881692425,-0.43713737643108663,0.7920997225129729,-0.7382746076680411,-0.34984695315211134,-0.9707259691340044,-0.8702659319307988,-0.629631089297777,0.1570930960219692,0.5357487923594757,-0.43561996895522226,-0.952184154408267,-0.39638997507280305,0.9170378565899457,0.8213966743254244,-0.4942756449645431,0.6615376708961467,0.7574375510179463,0.5221703863033371,-0.2959757941253116,0.9246396561275381,-0.5035210945305049,0.6042700368954208,0.9343549703985585,-0.22975887598107647,0.011037511768003494,0.39313747983680525,0.2839561964351667,0.32789772113842663,-0.21305367227852923,0.558369971071186,0.9777923143058622,0.04162683761784258,0.23227074269368075,0.5667094587379262,0.9384073688373182,0.5920600304667372,0.1696606221847483,0.8328798799268515,-0.9748716256770973,0.3773192717672671,0.436752937576272,-0.0161442152120419,0.1157114418733114,-0.8776305581221013,-0.8676370237010465,0.25558680640354403,-0.7194552633422202,-0.6843382944298413,0.7930759636725631,-0.19352599656764324,0.388359585632873,-0.10115685500061744,0.6158084797795846,0.6832127510666408,0.4734543933521749,-0.05481390397624786,0.6831880516242359,-0.32561300650502645,0.540207404487465,-0.8980343424925112,0.3366225262044784,0.3523818715034097,0.8647527430663899,0.503817503671911,0.21466928018029385,-0.8675366853411213
54.50840771428194,0.9638076609263164,0.17213474064790546,-0.7477241631391003,0.7075434575706767,-0.15746473280852524,0.5010203277755982,0.9114690091916804,0.7178858888530151,-0.8587603873502889,-0.8238737411538888,-0.3967596950592158,-0.5066426001518469,-0.9688461048710657,-0.014596283162207069,-0.5284991594002886,-0.26017503449527535,0.044926228620710607,0.7363380053150916,0.164503017661644,0.6935184301171309,-0.991742680745364,-0.7553063275271086,0.7904548190575267,0.8434278554027048,-0.8381543616030771,-0.32032289328385577,-0.20635535309827624,0.7983565166102671,0.5111368471486821,-0.5626607540371076,0.5893738665249644,-0.16630588637721333,-0.8276671796305992,0.6654224625834093,0.8182341367542576,-0.8623353922863302,-0.19470184891034448,0.7129294350142454,-0.451632358348224,-0.5653837705965821,-0.6780596266016512,-0.8904591679394778,-0.9982826559079361,-0.9970477696457396,0.5240761519690176,-0.5246959349881806,0.8710470564916899,-0.1992236736363031,0.9618757890961618,-0.3124896557386261,-0.10369790626803232,-0.8600775483277923,0.18714623898592864,0.9473626345807944,0.842149972831,-0.31340777261183406,-0.03457514679097895,-0.28110699079702517,0.7911105973319856,-0.6124577156139501,0.7628228011082971,-0.7821644542720179,-0.3217780455106414,0.7035431988715386,0.5510982703636222,-0.2469305337442107,-0.2960179286844462,0.7545606938185057,-0.10517162678119307,0.8188319398941237,-0.611543082642483,0.5261298186038719,0.021071051895337423,0.46869639723813394,0.013285805023643737,0.5095024332625979,0.9239555457805115,-0.7302239396799051,0.6744610463101739,0.77859926675982,0.06242916189202696,0.10513981607704848,-0.15937987742458049,0.7954315907890006,-0.9144111164397042,-0.2453111342039136,-0.17741679358486562,-0.6970930476150641,0.020337122590175394,0.14345290471087813,-0.015195048699850222,0.14539724320163638,-0.6895126256376516,-0.4925485675256631,-0.4351038856891227,0.9978532471774952,0.7843723727824927,0.9664876263430924,-0.14891734283085234,0.9888553520070806,-0.8782214684190894,-0.37637844052847624,-0.564308700124585,-0.20247967908568332,0.09389889045872435,-0.29905529035659173,0.5216714675977312,-0.2657533034302255,-0.15408554501721783,-0.9981919632611591,0.4476039000840877,0.309906241935316,0.09143456787596471,-0.8248033828392605,-0.6757424183256144,-0.8654092012781258,-0.5793785195638799,0.9219374649382059,-0.798393813024588,0.35243959266345315,-0.4971129079954193,-0.4642216504730081,-0.830502707680246,-0.7508186279168156,-0.8853356994412778,0.9835211952626173,-0.20709460426787984,-0.22838652935027248,0.3490730882169144,0.5225690497232485,0.3846788144231965,-0.18620464381868573,-0.17579053851837978,-0.08546826453393486,0.8629533161002607,-0.9289058284903946,0.8251847751742258,-0.4885445025599062,-0.21774474719188341,-0.3789533425803664,-0.5639541260967051,0.17803081458934678,0.15606829958040036,0.4331435675172808,0.284793062734245,-0.36296120659232534,0.19437826139298808,-0.7881558429520723,-0.9141152375450019,-0.4823604285812637,0.19063863729362485,-0.1522338573842672,-0.17209363907018238,0.7143562756059922,0.205691893817592,0.5060802198628498,0.47925787290079347,0.6258989387750642,-0.22758777686957798,0.08136571982082552,0.14893055338306915,-0.32879488193182427,-0.42130625558884294,-0.38603278048605416,0.8379252206875396,0.8121433453403686,0.6019872427547823,0.2830998994156455,-0.4755339233883662,0.49797889093830094,-0.20835377917546705,-0.19044111919885975,-0.3580538725283189,0.7984126393281952,0.5746275881473233,0.5788073624317387,0.5834443208027573,0.19402317855692175,-0.1723070819978494,0.8652406446356435,-0.7762387863486107,-0.5224486071760437,0.1533497480414825,0.31496300041547176,-0.502243112351727,-0.26650859382259506,-0.7350497479132669,-0.9955374005398283,0.9496550539635706,0.7291903553478614,-0.7772516288207283,0.27175951977886004,-0.24433632500528324,0.7791137992209425,-0.24464979049363733,0.05583868171509199,-0.6675056054588908,0.1814821286874997,0.6389824881692425,-0.43713737643108663,0.7920997225129729,-0.7382746076680411,-0.34984695315211134,-0.9707259691340044,-0.8702659319307988,-0.629631089297777,0.1570930960219692,0.5357487923594757,-0.43561996895522226,-0.952184154408267,-0.39638997507280305,0.9170378565899457,0.8213966743254244,-0.4942756449645431,0.6615376708961467,0.7574375510179463,0.5221703863033371,-0.2959757941253116,0.9246396561275381,-0.5035210945305049,0.6042700368954208,0.9343549703985585,-0.22975887598107647,0.011037511768003494,0.39313747983680525,0.2839561964351667,0.32789772113842663,-0.21305367227852923,0.558369971071186,0.9777923143058622,0.04162683761784258,0.23227074269368075,0.5667094587379262,0.9384073688373182,0.5920600304667372,0.1696606221847483,0.8328798799268515,-0.9748716256770973,0.3773192717672671,0.436752937576272,-0.0161442152120419,0.1157114418733114,-0.8776305581221013,-0.8676370237010465,0.25558680640354403,-0.7194552633422202,-0.6843382944298413,0.7930759636725631,-0.19352599656764324,0.388359585632873,-0.10115685500061744,0.6158084797795846,0.6832127510666408,0.4734543933521749,-0.05481390397624786,0.6831880516242359,-0.32561300650502645,0.540207404487465,-0.8980343424925112,0.3366225262044784,0.3523818715034097,0.8647527430663899,0.503817503671911,0.21466928018029385,-0.8675366853411213
54.50840771428194,0.9638076609263164,0.17213474064790546,-0.7477241631391003,0.7075434575706767,-0.15746473280852524,0.5010203277755982,0.9114690091916804,0.7178858888530151,-0.8587603873502889,-0.8238737411538888,-0.3967596950592158,-0.5066426001518469,-0.9688461048710657,-0.014596283162207069,-0.5284991594002886,-0.26017503449527535,0.044926228620710607,0.7363380053150916,0.164503017661644,0.6935184301171309,-0.991742680745364,-0.7553063275271086,0.7904548190575267,0.8434278554027048,-0.8381543616030771,-0.32032289328385577,-0.20635535309827624,0.7983565166102671,0.5111368471486821,-0.5626607540371076,0.5893738665249644,-0.16630588637721333,-0.8276671796305992,0.6654224625834093,0.8182341367542576,-0.8623353922863302,-0.19470184891034448,0.7129294350142454,-0.451632358348224,-0.5653837705965821,-0.6780596266016512,-0.8904591679394778,-0.9982826559079361,-0.9970477696457396,0.5240761519690176,-0.5246959349881806,0.8710470564916899,-0.1992236736363031,0.9618757890961618,-0.3124896557386261,-0.10369790626803232,-0.8600775483277923,0.18714623898592864,0.9473626345807944,0.842149972831,-0.31340777261183406,-0.03457514679097895,-0.28110699079702517,0.7911105973319856,-0.6124577156139501,0.7628228011082971,-0.7821644542720179,-0.3217780455106414,0.7035431988715386,0.5510982703636222,-0.2469305337442107,-0.2960179286844462,0.7545606938185057,-0.10517162678119307,0.8188319398941237,-0.611543082642483,0.5261298186038719,0.021071051895337423,0.46869639723813394,0.013285805023643737,0.5095024332625979,0.9239555457805115,-0.7302239396799051,0.6744610463101739,0.77859926675982,0.06242916189202696,0.10513981607704848,-0.15937987742458049,0.7954315907890006,-0.9144111164397042,-0.2453111342039136,-0.17741679358486562,-0.6970930476150641,0.020337122590175394,0.14345290471087813,-0.015195048699850222,0.14539724320163638,-0.6895126256376516,-0.4925485675256631,-0.4351038856891227,0.9978532471774952,0.7843723727824927,0.9664876263430924,-0.14891734283085234,0.9888553520070806,-0.8782214684190894,-0.37637844052847624,-0.564308700124585,-0.20247967908568332,0.09389889045872435,-0.29905529035659173,0.5216714675977312,-0.2657533034302255,-0.15408554501721783,-0.9981919632611591,0.4476039000840877,0.309906241935316,0.09143456787596471,-0.8248033828392605,-0.6757424183256144,-0.8654092012781258,-0.5793785195638799,0.9219374649382059,-0.798393813024588,0.35243959266345315,-0.4971129079954193,-0.4642216504730081,-0.830502707680246,-0.7508186279168156,-0.8853356994412778,0.9835211952626173,-0.20709460426787984,-0.22838652935027248,0.3490730882169144,0.5225690497232485,0.3846788144231965,-0.18620464381868573,-0.17579053851837978,-0.08546826453393486,0.8629533161002607,-0.9289058284903946,0.8251847751742258,-0.4885445025599062,-0.21774474719188341,-0.3789533425803664,-0.5639541260967051,0.17803081458934678,0.15606829958040036,0.4331435675172808,0.284793062734245,-0.36296120659232534,0.19437826139298808,-0.7881558429520723,-0.9141152375450019,-0.4823604285812637,0.19063863729362485,-0.1522338573842672,-0.17209363907018238,0.7143562756059922,0.205691893817592,0.5060802198628498,0.47925787290079347,0.6258989387750642,-0.22758777686957798,0.08136571982082552,0.14893055338306915,-0.32879488193182427,-0.42130625558884294,-0.38603278048605416,0.8379252206875396,0.8121433453403686,0.6019872427547823,0.2830998994156455,-0.4755339233883662,0.49797889093830094,-0.20835377917546705,-0.19044111919885975,-0.3580538725283189,0.7984126393281952,0.5746275881473233,0.5788073624317387,0.5834443208027573,0.19402317855692175,-0.1723070819978494,0.8652406446356435,-0.7762387863486107,-0.5224486071760437,0.1533497480414825,0.31496300041547176,-0.502243112351727,-0.26650859382259506,-0.7350497479132669,-0.9955374005398283,0.9496550539635706,0.7291903553478614,-0.7772516288207283,0.27175951977886004,-0.24433632500528324,0.7791137992209425,-0.24464979049363733,0.05583868171509199,-0.6675056054588908,0.1814821286874997,0.6389824881692425,-0.43713737643108663,0.7920997225129729,-0.7382746076680411,-0.34984695315211134,-0.9707259691340044,-0.8702659319307988,-0.629631089297777,0.1570930960219692,0.5357487923594757,-0.43561996895522226,-0.952184154408267,-0.39638997507280305,0.9170378565899457,0.8213966743254244,-0.4942756449645431,0.6615376708961467,0.7574375510179463,0.5221703863033371,-0.2959757941253116,0.9246396561275381,-0.5035210945305049,0.6042700368954208,0.9343549703985585,-0.22975887598107647,0.011037511768003494,0.39313747983680525,0.2839561964351667,0.32789772113842663,-0.21305367227852923,0.558369971071186,0.9777923143058622,0.04162683761784258,0.23227074269368075,0.5667094587379262,0.9384073688373182,0.5920600304667372,0.1696606221847483,0.8328798799268515,-0.9748716256770973,0.3773192717672671,0.436752937576272,-0.0161442152120419,0.1157114418733114,-0.8776305581221013,-0.8676370237010465,0.25558680640354403,-0.7194552633422202,-0.6843382944298413,0.7930759636725631,-0.19352599656764324,0.388359585632873,-0.10115685500061744,0.6158084797795846,0.6832127510666408,0.4734543933521749,-0.05481390397624786,0.6831880516242359,-0.32561300650502645,0.540207404487465,-0.8980343424925112,0.3366225262044784,0.3523818715034097,0.8647527430663899,0.503817503671911,0.21466928018029385,-0.8675366853411213
54.50840771428194,0.9638076609263164,0.17213474064790546,-0.7477241631391003,0.7075434575706767,-0.15746473280852524,0.5010203277755982,0.9114690091916804,0.7178858888530151,-0.8587603873502889,-0.8238737411538888,-0.3967596950592158,-0.5066426001518469,-0.9688461048710657,-0.014596283162207069,-0.5284991594002886,-0.26017503449527535,0.044926228620710607,0.7363380053150916,0.164503017661644,0.6935184301171309,-0.991742680745364,-0.7553063275271086,0.7904548190575267,0.8434278554027048,-0.8381543616030771,-0.32032289328385577,-0.20635535309827624,0.7983565166102671,0.5111368471486821,-0.5626607540371076,0.5893738665249644,-0.16630588637721333,-0.8276671796305992,0.6654224625834093,0.8182341367542576,-0.8623353922863302,-0.19470184891034448,0.7129294350142454,-0.451632358348224,-0.5653837705965821,-0.6780596266016512,-0.8904591679394778,-0.9982826559079361,-0.9970477696457396,0.5240761519690176,-0.5246959349881806,0.8710470564916899,-0.1992236736363031,0.9618757890961618,-0.3124896557386261,-0.10369790626803232,-0.8600775483277923,0.18714623898592864,0.9473626345807944,0.842149972831,-0.31340777261183406,-0.03457514679097895,-0.28110699079702517,0.7911105973319856,-0.6124577156139501,0.7628228011082971,-0.7821644542720179,-0.3217780455106414,0.7035431988715386,0.5510982703636222,-0.2469305337442107,-0.2960179286844462,0.7545606938185057,-0.10517162678119307,0.8188319398941237,-0.611543082642483,0.5261298186038719,0.021071051895337423,0.46869639723813394,0.013285805023643737,0.5095024332625979,0.9239555457805115,-0.7302239396799051,0.6744610463101739,0.77859926675982,0.06242916189202696,0.10513981607704848,-0.15937987742458049,0.7954315907890006,-0.9144111164397042,-0.2453111342039136,-0.17741679358486562,-0.6970930476150641,0.020337122590175394,0.14345290471087813,-0.015195048699850222,0.14539724320163638,-0.6895126256376516,-0.4925485675256631,-0.4351038856891227,0.9978532471774952,0.7843723727824927,0.9664876263430924,-0.14891734283085234,0.9888553520070806,-0.8782214684190894,-0.37637844052847624,-0.564308700124585,-0.20247967908568332,0.09389889045872435,-0.29905529035659173,0.5216714675977312,-0.2657533034302255,-0.15408554501721783,-0.9981919632611591,0.4476039000840877,0.309906241935316,0.09143456787596471,-0.8248033828392605,-0.6757424183256144,-0.8654092012781258,-0.5793785195638799,0.9219374649382059,-0.798393813024588,0.35243959266345315,-0.4971129079954193,-0.4642216504730081,-0.830502707680246,-0.7508186279168156,-0.8853356994412778,0.9835211952626173,-0.20709460426787984,-0.22838652935027248,0.3490730882169144,0.5225690497232485,0.3846788144231965,-0.18620464381868573,-0.17579053851837978,-0.08546826453393486,0.8629533161002607,-0.9289058284903946,0.8251847751742258,-0.4885445025599062,-0.21774474719188341,-0.3789533425803664,-0.5639541260967051,0.17803081458934678,0.15606829958040036,0.4331435675172808,0.284793062734245,-0.36296120659232534,0.19437826139298808,-0.7881558429520723,-0.9141152375450019,-0.4823604285812637,0.19063863729362485,-0.1522338573842672,-0.17209363907018238,0.7143562756059922,0.205691893817592,0.5060802198628498,0.47925787290079347,0.6258989387750642,-0.22758777686957798,0.08136571982082552,0.14893055338306915,-0.32879488193182427,-0.42130625558884294,-0.38603278048605416,0.8379252206875396,0.8121433453403686,0.6019872427547823,0.2830998994156455,-0.4755339233883662,0.49797889093830094,-0.20835377917546705,-0.19044111919885975,-0.3580538725283189,0.7984126393281952,0.5746275881473233,0.5788073624317387,0.5834443208027573,0.19402317855692175,-0.1723070819978494,0.8652406446356435,-0.7762387863486107,-0.5224486071760437,0.1533497480414825,0.31496300041547176,-0.502243112351727,-0.26650859382259506,-0.7350497479132669,-0.9955374005398283,0.9496550539635706,0.7291903553478614,-0.7772516288207283,0.27175951977886004,-0.24433632500528324,0.7791137992209425,-0.24464979049363733,0.05583868171509199,-0.6675056054588908,0.1814821286874997,0.6389824881692425,-0.43713737643108663,0.7920997225129729,-0.7382746076680411,-0.34984695315211134,-0.9707259691340044,-0.8702659319307988,-0.629631089297777,0.1570930960219692,0.5357487923594757,-0.43561996895522226,-0.952184154408267,-0.39638997507280305,0.9170378565899457,0.8213966743254244,-0.4942756449645431,0.6615376708961467,0.7574375510179463,0.5221703863033371,-0.2959757941253116,0.9246396561275381,-0.5035210945305049,0.6042700368954208,0.9343549703985585,-0.22975887598107647,0.011037511768003494,0.39313747983680525,0.2839561964351667,0.32789772113842663,-0.21305367227852923,0.558369971071186,0.9777923143058622,0.04162683761784258,0.23227074269368075,0.5667094587379262,0.9384073688373182,0.5920600304667372,0.1696606221847483,0.8328798799268515,-0.9748716256770973,0.3773192717672671,0.436752937576272,-0.0161442152120419,0.1157114418733114,-0.8776305581221013,-0.8676370237010465,0.25558680640354403,-0.7194552633422202,-0.6843382944298413,0.7930759636725631,-0.19352599656764324,0.388359585632873,-0.10115685500061744,0.6158084797795846,0.6832127510666408,0.4734543933521749,-0.05481390397624786,0.6831880516242359,-0.32561300650502645,0.540207404487465,-0.8980343424925112,0.3366225262044784,0.3523818715034097,0.8647527430663899,0.503817503671911,0.21466928018029385,-0.8675366853411213
54.50840771428194,0.9638076609263164,0.17213474064790546,-0.7477241631391003,0.7075434575706767,-0.15746473280852524,0.5010203277755982,0.9114690091916804,0.7178858888530151,-0.8587603873502889,-0.8238737411538888,-0.3967596950592158,-0.5066426001518469,-0.9688461048710657,-0.014596283162207069,-0.5284991594002886,-0.26017503449527535,0.044926228620710607,0.7363380053150916,0.164503017661644,0.6935184301171309,-0.991742680745364,-0.7553063275271086,0.7904548190575267,0.8434278554027048,-0.8381543616030771,-0.32032289328385577,-0.20635535309827624,0.7983565166102671,0.5111368471486821,-0.5626607540371076,0.5893738665249644,-0.16630588637721333,-0.8276671796305992,0.6654224625834093,0.8182341367542576,-0.8623353922863302,-0.19470184891034448,0.7129294350142454,-0.451632358348224,-0.5653837705965821,-0.6780596266016512,-0.8904591679394778,-0.9982826559079361,-0.9970477696457396,0.5240761519690176,-0.5246959349881806,0.8710470564916899,-0.1992236736363031,0.9618757890961618,-0.3124896557386261,-0.10369790626803232,-0.8600775483277923,0.18714623898592864,0.9473626345807944,0.842149972831,-0.31340777261183406,-0.03457514679097895,-0.28110699079702517,0.7911105973319856,-0.6124577156139501,0.7628228011082971,-0.7821644542720179,-0.3217780455106414,0.7035431988715386,0.5510982703636222,-0.2469305337442107,-0.2960179286844462,0.7545606938185057,-0.10517162678119307,0.8188319398941237,-0.611543082642483,0.5261298186038719,0.021071051895337423,0.46869639723813394,0.013285805023643737,0.5095024332625979,0.9239555457805115,-0.7302239396799051,0.6744610463101739,0.77859926675982,0.06242916189202696,0.10513981607704848,-0.15937987742458049,0.7954315907890006,-0.9144111164397042,-0.2453111342039136,-0.17741679358486562,-0.6970930476150641,0.020337122590175394,0.14345290471087813,-0.015195048699850222,0.14539724320163638,-0.6895126256376516,-0.4925485675256631,-0.4351038856891227,0.9978532471774952,0.7843723727824927,0.9664876263430924,-0.14891734283085234,0.9888553520070806,-0.8782214684190894,-0.37637844052847624,-0.564308700124585,-0.20247967908568332,0.09389889045872435,-0.29905529035659173,0.5216714675977312,-0.2657533034302255,-0.15408554501721783,-0.9981919632611591,0.4476039000840877,0.309906241935316,0.09143456787596471,-0.8248033828392605,-0.6757424183256144,-0.8654092012781258,-0.5793785195638799,0.9219374649382059,-0.798393813024588,0.35243959266345315,-0.4971129079954193,-0.4642216504730081,-0.830502707680246,-0.7508186279168156,-0.8853356994412778,0.9835211952626173,-0.20709460426787984,-0.22838652935027248,0.3490730882169144,0.5225690497232485,0.3846788144231965,-0.18620464381868573,-0.17579053851837978,-0.08546826453393486,0.8629533161002607,-0.9289058284903946,0.8251847751742258,-0.4885445025599062,-0.21774474719188341,-0.3789533425803664,-0.5639541260967051,0.17803081458934678,0.15606829958040036,0.4331435675172808,0.284793062734245,-0.36296120659232534,0.19437826139298808,-0.7881558429520723,-0.9141152375450019,-0.4823604285812637,0.19063863729362485,-0.1522338573842672,-0.17209363907018238,0.7143562756059922,0.205691893817592,0.5060802198628498,0.47925787290079347,0.6258989387750642,-0.22758777686957798,0.08136571982082552,0.14893055338306915,-0.32879488193182427,-0.42130625558884294,-0.38603278048605416,0.8379252206875396,0.8121433453403686,0.6019872427547823,0.2830998994156455,-0.4755339233883662,0.49797889093830094,-0.20835377917546705,-0.19044111919885975,-0.3580538725283189,0.7984126393281952,0.5746275881473233,0.5788073624317387,0.5834443208027573,0.19402317855692175,-0.1723070819978494,0.8652406446356435,-0.7762387863486107,-0.5224486071760437,0.1533497480414825,0.31496300041547176,-0.502243112351727,-0.26650859382259506,-0.7350497479132669,-0.9955374005398283,0.9496550539635706,0.7291903553478614,-0.7772516288207283,0.27175951977886004,-0.24433632500528324,0.7791137992209425,-0.24464979049363733,0.05583868171509199,-0.6675056054588908,0.1814821286874997,0.6389824881692425,-0.43713737643108663,0.7920997225129729,-0.7382746076680411,-0.34984695315211134,-0.9707259691340044,-0.8702659319307988,-0.629631089297777,0.1570930960219692,0.5357487923594757,-0.43561996895522226,-0.952184154408267,-0.39638997507280305,0.9170378565899457,0.8213966743254244,-0.4942756449645431,0.6615376708961467,0.7574375510179463,0.5221703863033371,-0.2959757941253116,0.9246396561275381,-0.5035210945305049,0.6042700368954208,0.9343549703985585,-0.22975887598107647,0.011037511768003494,0.39313747983680525,0.2839561964351667,0.32789772113842663,-0.21305367227852923,0.558369971071186,0.9777923143058622,0.04162683761784258,0.23227074269368075,0.5667094587379262,0.9384073688373182,0.5920600304667372,0.1696606221847483,0.8328798799268515,-0.9748716256770973,0.3773192717672671,0.436752937576272,-0.0161442152120419,0.1157114418733114,-0.8776305581221013,-0.8676370237010465,0.25558680640354403,-0.7194552633422202,-0.6843382944298413,0.7930759636725631,-0.19352599656764324,0.388359585632873,-0.10115685500061744,0.6158084797795846,0.6832127510666408,0.4734543933521749,-0.05481390397624786,0.6831880516242359,-0.32561300650502645,0.540207404487465,-0.8980343424925112,0.3366225262044784,0.3523818715034097,0.8647527430663899,0.503817503671911,0.21466928018029385,-0.8675366853411213
54.50840771428194,0.9638076609263164,0.17213474064790546,-0.7477241631391003,0.7075434575706767,-0.15746473280852524,0.5010203277755982,0.9114690091916804,0.7178858888530151,-0.8587603873502889,-0.8238737411538888,-0.3967596950592158,-0.5066426001518469,-0.9688461048710657,-0.014596283162207069,-0.5284991594002886,-0.26017503449527535,0.044926228620710607,0.7363380053150916,0.164503017661644,0.6935184301171309,-0.991742680745364,-0.7553063275271086,0.7904548190575267,0.8434278554027048,-0.8381543616030771,-0.32032289328385577,-0.20635535309827624,0.7983565166102671,0.5111368471486821,-0.5626607540371076,0.5893738665249644,-0.16630588637721333,-0.8276671796305992,0.6654224625834093,0.8182341367542576,-0.8623353922863302,-0.19470184891034448,0.7129294350142454,-0.451632358348224,-0.5653837705965821,-0.6780596266016512,-0.8904591679394778,-0.9982826559079361,-0.9970477696457396,0.5240761519690176,-0.5246959349881806,0.8710470564916899,-0.1992236736363031,0.9618757890961618,-0.3124896557386261,-0.10369790626803232,-0.8600775483277923,0.18714623898592864,0.9473626345807944,0.842149972831,-0.31340777261183406,-0.03457514679097895,-0.28110699079702517,0.7911105973319856,-0.6124577156139501,0.7628228011082971,-0.7821644542720179,-0.3217780455106414,0.7035431988715386,0.5510982703636222,-0.2469305337442107,-0.2960179286844462,0.7545606938185057,-0.10517162678119307,0.8188319398941237,-0.611543082642483,0.5261298186038719,0.021071051895337423,0.46869639723813394,0.013285805023643737,0.5095024332625979,0.9239555457805115,-0.7302239396799051,0.6744610463101739,0.77859926675982,0.06242916189202696,0.10513981607704848,-0.15937987742458049,0.7954315907890006,-0.9144111164397042,-0.2453111342039136,-0.17741679358486562,-0.6970930476150641,0.020337122590175394,0.14345290471087813,-0.015195048699850222,0.14539724320163638,-0.6895126256376516,-0.4925485675256631,-0.4351038856891227,0.9978532471774952,0.7843723727824927,0.9664876263430924,-0.14891734283085234,0.9888553520070806,-0.8782214684190894,-0.37637844052847624,-0.564308700124585,-0.20247967908568332,0.09389889045872435,-0.29905529035659173,0.5216714675977312,-0.2657533034302255,-0.15408554501721783,-0.9981919632611591,0.4476039000840877,0.309906241935316,0.09143456787596471,-0.8248033828392605,-0.6757424183256144,-0.8654092012781258,-0.5793785195638799,0.9219374649382059,-0.798393813024588,0.35243959266345315,-0.4971129079954193,-0.4642216504730081,-0.830502707680246,-0.7508186279168156,-0.8853356994412778,0.9835211952626173,-0.20709460426787984,-0.22838652935027248,0.3490730882169144,0.5225690497232485,0.3846788144231965,-0.18620464381868573,-0.17579053851837978,-0.08546826453393486,0.8629533161002607,-0.9289058284903946,0.8251847751742258,-0.4885445025599062,-0.21774474719188341,-0.3789533425803664,-0.5639541260967051,0.17803081458934678,0.15606829958040036,0.4331435675172808,0.284793062734245,-0.36296120659232534,0.19437826139298808,-0.7881558429520723,-0.9141152375450019,-0.4823604285812637,0.19063863729362485,-0.1522338573842672,-0.17209363907018238,0.7143562756059922,0.205691893817592,0.5060802198628498,0.47925787290079347,0.6258989387750642,-0.22758777686957798,0.08136571982082552,0.14893055338306915,-0.32879488193182427,-0.42130625558884294,-0.38603278048605416,0.8379252206875396,0.8121433453403686,0.6019872427547823,0.2830998994156455,-0.4755339233883662,0.49797889093830094,-0.20835377917546705,-0.19044111919885975,-0.3580538725283189,0.7984126393281952,0.5746275881473233,0.5788073624317387,0.5834443208027573,0.19402317855692175,-0.1723070819978494,0.8652406446356435,-0.7762387863486107,-0.5224486071760437,0.1533497480414825,0.31496300041547176,-0.502243112351727,-0.26650859382259506,-0.7350497479132669,-0.9955374005398283,0.9496550539635706,0.7291903553478614,-0.7772516288207283,0.27175951977886004,-0.24433632500528324,0.7791137992209425,-0.24464979049363733,0.05583868171509199,-0.6675056054588908,0.1814821286874997,0.6389824881692425,-0.43713737643108663,0.7920997225129729,-0.7382746076680411,-0.34984695315211134,-0.9707259691340044,-0.8702659319307988,-0.629631089297777,0.1570930960219692,0.5357487923594757,-0.43561996895522226,-0.952184154408267,-0.39638997507280305,0.9170378565899457,0.8213966743254244,-0.4942756449645431,0.6615376708961467,0.7574375510179463,0.5221703863033371,-0.2959757941253116,0.9246396561275381,-0.5035210945305049,0.6042700368954208,0.9343549703985585,-0.22975887598107647,0.011037511768003494,0.39313747983680525,0.2839561964351667,0.32789772113842663,-0.21305367227852923,0.558369971071186,0.9777923143058622,0.04162683761784258,0.23227074269368075,0.5667094587379262,0.9384073688373182,0.5920600304667372,0.1696606221847483,0.8328798799268515,-0.9748716256770973,0.3773192717672671,0.436752937576272,-0.0161442152120419,0.1157114418733114,-0.8776305581221013,-0.8676370237010465,0.25558680640354403,-0.7194552633422202,-0.6843382944298413,0.7930759636725631,-0.19352599656764324,0.388359585632873,-0.10115685500061744,0.6158084797795846,0.6832127510666408,0.4734543933521749,-0.05481390397624786,0.6831880516242359,-0.32561300650502645,0.540207404487465,-0.8980343424925112,0.3366225262044784,0.3523818715034097,0.8647527430663899,0.503817503671911,0.21466928018029385,-0.8675366853411213
54.50840771428194,0.9638076609263164,0.17213474064790546,-0.7477241631391003,0.7075434575706767,-0.15746473280852524,0.5010203277755982,0.9114690091916804,0.7178858888530151,-0.8587603873502889,-0.8238737411538888,-0.3967596950592158,-0.5066426001518469,-0.9688461048710657,-0.014596283162207069,-0.5284991594002886,-0.26017503449527535,0.044926228620710607,0.7363380053150916,0.164503017661644,0.6935184301171309,-0.991742680745364,-0.7553063275271086,0.7904548190575267,0.8434278554027048,-0.8381543616030771,-0.32032289328385577,-0.20635535309827624,0.7983565166102671,0.5111368471486821,-0.5626607540371076,0.5893738665249644,-0.16630588637721333,-0.8276671796305992,0.6654224625834093,0.8182341367542576,-0.8623353922863302,-0.19470184891034448,0.7129294350142454,-0.451632358348224,-0.5653837705965821,-0.6780596266016512,-0.8904591679394778,-0.9982826559079361,-0.9970477696457396,0.5240761519690176,-0.5246959349881806,0.8710470564916899,-0.1992236736363031,0.9618757890961618,-0.3124896557386261,-0.10369790626803232,-0.8600775483277923,0.18714623898592864,0.9473626345807944,0.842149972831,-0.31340777261183406,-0.03457514679097895,-0.28110699079702517,0.7911105973319856,-0.6124577156139501,0.7628228011082971,-0.7821644542720179,-0.3217780455106414,0.7035431988715386,0.5510982703636222,-0.2469305337442107,-0.2960179286844462,0.7545606938185057,-0.10517162678119307,0.8188319398941237,-0.611543082642483,0.5261298186038719,0.021071051895337423,0.46869639723813394,0.013285805023643737,0.5095024332625979,0.9239555457805115,-0.7302239396799051,0.6744610463101739,0.77859926675982,0.06242916189202696,0.10513981607704848,-0.15937987742458049,0.7954315907890006,-0.9144111164397042,-0.2453111342039136,-0.17741679358486562,-0.6970930476150641,0.020337122590175394,0.14345290471087813,-0.015195048699850222,0.14539724320163638,-0.6895126256376516,-0.4925485675256631,-0.4351038856891227,0.9978532471774952,0.7843723727824927,0.9664876263430924,-0.14891734283085234,0.9888553520070806,-0.8782214684190894,-0.37637844052847624,-0.564308700124585,-0.20247967908568332,0.09389889045872435,-0.29905529035659173,0.5216714675977312,-0.2657533034302255,-0.15408554501721783,-0.9981919632611591,0.4476039000840877,0.309906241935316,0.09143456787596471,-0.8248033828392605,-0.6757424183256144,-0.8654092012781258,-0.5793785195638799,0.9219374649382059,-0.798393813024588,0.35243959266345315,-0.4971129079954193,-0.4642216504730081,-0.830502707680246,-0.7508186279168156,-0.8853356994412778,0.9835211952626173,-0.20709460426787984,-0.22838652935027248,0.3490730882169144,0.5225690497232485,0.3846788144231965,-0.18620464381868573,-0.17579053851837978,-0.08546826453393486,0.8629533161002607,-0.9289058284903946,0.8251847751742258,-0.4885445025599062,-0.21774474719188341,-0.3789533425803664,-0.5639541260967051,0.17803081458934678,0.15606829958040036,0.4331435675172808,0.284793062734245,-0.36296120659232534,0.19437826139298808,-0.7881558429520723,-0.9141152375450019,-0.4823604285812637,0.19063863729362485,-0.1522338573842672,-0.17209363907018238,0.7143562756059922,0.205691893817592,0.5060802198628498,0.47925787290079347,0.6258989387750642,-0.22758777686957798,0.08136571982082552,0.14893055338306915,-0.32879488193182427,-0.42130625558884294,-0.38603278048605416,0.8379252206875396,0.8121433453403686,0.6019872427547823,0.2830998994156455,-0.4755339233883662,0.49797889093830094,-0.20835377917546705,-0.19044111919885975,-0.3580538725283189,0.7984126393281952,0.5746275881473233,0.5788073624317387,0.5834443208027573,0.19402317855692175,-0.1723070819978494,0.8652406446356435,-0.7762387863486107,-0.5224486071760437,0.1533497480414825,0.31496300041547176,-0.502243112351727,-0.26650859382259506,-0.7350497479132669,-0.9955374005398283,0.9496550539635706,0.7291903553478614,-0.7772516288207283,0.27175951977886004,-0.24433632500528324,0.7791137992209425,-0.24464979049363733,0.05583868171509199,-0.6675056054588908,0.1814821286874997,0.6389824881692425,-0.43713737643108663,0.7920997225129729,-0.7382746076680411,-0.34984695315211134,-0.9707259691340044,-0.8702659319307988,-0.629631089297777,0.1570930960219692,0.5357487923594757,-0.43561996895522226,-0.952184154408267,-0.39638997507280305,0.9170378565899457,0.8213966743254244,-0.4942756449645431,0.6615376708961467,0.7574375510179463,0.5221703863033371,-0.2959757941253116,0.9246396561275381,-0.5035210945305049,0.6042700368954208,0.9343549703985585,-0.22975887598107647,0.011037511768003494,0.39313747983680525,0.2839561964351667,0.32789772113842663,-0.21305367227852923,0.558369971071186,0.9777923143058622,0.04162683761784258,0.23227074269368075,0.5667094587379262,0.9384073688373182,0.5920600304667372,0.1696606221847483,0.8328798799268515,-0.9748716256770973,0.3773192717672671,0.436752937576272,-0.0161442152120419,0.1157114418733114,-0.8776305581221013,-0.8676370237010465,0.25558680640354403,-0.7194552633422202,-0.6843382944298413,0.7930759636725631,-0.19352599656764324,0.388359585632873,-0.10115685500061744,0.6158084797795846,0.6832127510666408,0.4734543933521749,-0.05481390397624786,0.6831880516242359,-0.32561300650502645,0.540207404487465,-0.8980343424925112,0.3366225262044784,0.3523818715034097,0.8647527430663899,0.503817503671911,0.21466928018029385,-0.8675366853411213
54.50840771428194,0.9638076609263164,0.17213474064790546,-0.7477241631391003,0.7075434575706767,-0.15746473280852524,0.5010203277755982,0.9114690091916804,0.7178858888530151,-0.8587603873502889,-0.8238737411538888,-0.3967596950592158,-0.5066426001518469,-0.9688461048710657,-0.014596283162207069,-0.5284991594002886,-0.26017503449527535,0.044926228620710607,0.7363380053150916,0.164503017661644,0.6935184301171309,-0.991742680745364,-0.7553063275271086,0.7904548190575267,0.8434278554027048,-0.8381543616030771,-0.32032289328385577,-0.20635535309827624,0.7983565166102671,0.5111368471486821,-0.5626607540371076,0.5893738665249644,-0.16630588637721333,-0.8276671796305992,0.6654224625834093,0.8182341367542576,-0.8623353922863302,-0.19470184891034448,0.7129294350142454,-0.451632358348224,-0.5653837705965821,-0.6780596266016512,-0.8904591679394778,-0.9982826559079361,-0.9970477696457396,0.5240761519690176,-0.5246959349881806,0.8710470564916899,-0.1992236736363031,0.9618757890961618,-0.3124896557386261,-0.10369790626803232,-0.8600775483277923,0.18714623898592864,0.9473626345807944,0.842149972831,-0.31340777261183406,-0.03457514679097895,-0.28110699079702517,0.7911105973319856,-0.6124577156139501,0.7628228011082971,-0.7821644542720179,-0.3217780455106414,0.7035431988715386,0.5510982703636222,-0.2469305337442107,-0.2960179286844462,0.7545606938185057,-0.10517162678119307,0.8188319398941237,-0.611543082642483,0.5261298186038719,0.021071051895337423,0.46869639723813394,0.013285805023643737,0.5095024332625979,0.9239555457805115,-0.7302239396799051,0.6744610463101739,0.77859926675982,0.06242916189202696,0.10513981607704848,-0.15937987742458049,0.7954315907890006,-0.9144111164397042,-0.2453111342039136,-0.17741679358486562,-0.6970930476150641,0.020337122590175394,0.14345290471087813,-0.015195048699850222,0.14539724320163638,-0.6895126256376516,-0.4925485675256631,-0.4351038856891227,0.9978532471774952,0.7843723727824927,0.9664876263430924,-0.14891734283085234,0.9888553520070806,-0.8782214684190894,-0.37637844052847624,-0.564308700124585,-0.20247967908568332,0.09389889045872435,-0.29905529035659173,0.5216714675977312,-0.2657533034302255,-0.15408554501721783,-0.9981919632611591,0.4476039000840877,0.309906241935316,0.09143456787596471,-0.8248033828392605,-0.6757424183256144,-0.8654092012781258,-0.5793785195638799,0.9219374649382059,-0.798393813024588,0.35243959266345315,-0.4971129079954193,-0.4642216504730081,-0.830502707680246,-0.7508186279168156,-0.8853356994412778,0.9835211952626173,-0.20709460426787984,-0.22838652935027248,0.3490730882169144,0.5225690497232485,0.3846788144231965,-0.18620464381868573,-0.17579053851837978,-0.08546826453393486,0.8629533161002607,-0.9289058284903946,0.8251847751742258,-0.4885445025599062,-0.21774474719188341,-0.3789533425803664,-0.5639541260967051,0.17803081458934678,0.15606829958040036,0.4331435675172808,0.284793062734245,-0.36296120659232534,0.19437826139298808,-0.7881558429520723,-0.9141152375450019,-0.4823604285812637,0.19063863729362485,-0.1522338573842672,-0.17209363907018238,0.7143562756059922,0.205691893817592,0.5060802198628498,0.47925787290079347,0.6258989387750642,-0.22758777686957798,0.08136571982082552,0.14893055338306915,-0.32879488193182427,-0.42130625558884294,-0.38603278048605416,0.8379252206875396,0.8121433453403686,0.6019872427547823,0.2830998994156455,-0.4755339233883662,0.49797889093830094,-0.20835377917546705,-0.19044111919885975,-0.3580538725283189,0.7984126393281952,0.5746275881473233,0.5788073624317387,0.5834443208027573,0.19402317855692175,-0.1723070819978494,0.8652406446356435,-0.7762387863486107,-0.5224486071760437,0.1533497480414825,0.31496300041547176,-0.502243112351727,-0.26650859382259506,-0.7350497479132669,-0.9955374005398283,0.9496550539635706,0.7291903553478614,-0.7772516288207283,0.27175951977886004,-0.24433632500528324,0.7791137992209425,-0.24464979049363733,0.05583868171509199,-0.6675056054588908,0.1814821286874997,0.6389824881692425,-0.43713737643108663,0.7920997225129729,-0.7382746076680411,-0.34984695315211134,-0.9707259691340044,-0.8702659319307988,-0.629631089297777,0.1570930960219692,0.5357487923594757,-0.43561996895522226,-0.952184154408267,-0.39638997507280305,0.9170378565899457,0.8213966743254244,-0.4942756449645431,0.6615376708961467,0.7574375510179463,0.5221703863033371,-0.2959757941253116,0.9246396561275381,-0.5035210945305049,0.6042700368954208,0.9343549703985585,-0.22975887598107647,0.011037511768003494,0.39313747983680525,0.2839561964351667,0.32789772113842663,-0.21305367227852923,0.558369971071186,0.9777923143058622,0.04162683761784258,0.23227074269368075,0.5667094587379262,0.9384073688373182,0.5920600304667372,0.1696606221847483,0.8328798799268515,-0.9748716256770973,0.3773192717672671,0.436752937576272,-0.0161442152120419,0.1157114418733114,-0.8776305581221013,-0.8676370237010465,0.25558680640354403,-0.7194552633422202,-0.6843382944298413,0.7930759636725631,-0.19352599656764324,0.388359585632873,-0.10115685500061744,0.6158084797795846,0.6832127510666408,0.4734543933521749,-0.05481390397624786,0.6831880516242359,-0.32561300650502645,0.540207404487465,-0.8980343424925112,0.3366225262044784,0.3523818715034097,0.8647527430663899,0.503817503671911,0.21466928018029385,-0.8675366853411213
54.65200454205431,0.27654586642191625,-0.10562041319852589,0.5871253036697108,-0.9483968087852248,-0.15746473280852524,0.5010203277755982,0.07732519889841116,0.7178858888530151,-0.8587603873502889,0.1720601216925366,-0.3967596950592158,-0.5066426001518469,-0.5959625892702904,-0.5604849224304598,-0.28621221527212093,0.4799011197839518,0.044926228620710607,0.4415543643520303,-0.09156085582300455,0.6935184301171309,-0.991742680745364,-0.7553063275271086,-0.3370522115974759,-0.45617534595985254,-0.8231279518784058,-0.5747343142377275,-0.20635535309827624,0.6543684113501378,-0.0535295820556394,-0.5626607540371076,0.5893738665249644,-0.16630588637721333,-0.7920080973958923,0.6654224625834093,0.422448283719449,0.08693974846297836,-0.597042313576573,0.7129294350142454,-0.451632358348224,-0.5653837705965821,-0.4226474907822384,-0.31173866838961617,-0.9982826559079361,-0.9970477696457396,0.5240761519690176,0.01256015333770133,0.4896151394125816,-0.1992236736363031,0.9618757890961618,-0.8685127196736528,0.5823700974571238,0.2010693243491577,0.07006615177258313,-0.997868837640447,-0.2972558159326071,0.32194423340891265,0.1994827035514979,-0.7144680083805242,0.7911105973319856,-0.288334180090406,-0.15989072210867405,-0.6828875653774129,-0.3217780455106414,0.819879362849959,0.7629909380820419,-0.0942720989784307,-0.25056967112971185,0.8841284468831949,0.04419210365238513,0.34688497984620525,-0.7091710938398108,0.24570519499931365,0.4638972065238778,0.46869639723813394,0.3915653222794324,0.014537044595945403,0.9239555457805115,-0.39586299256251034,0.6744610463101739,0.2925131284813669,0.43485248361307516,0.9962142524476953,-0.592355850700109,0.3639645989975244,-0.9144111164397042,-0.8521321973443596,0.0051716427979240365,0.028709452113330647,-0.6793561401168464,-0.6081429917504133,-0.44024202758205044,-0.28307156434810987,-0.438525402684226,0.40783167754731786,0.48611385832138865,-0.8712920479003732,0.23285703330690666,-0.3302917062776365,0.20991864620004597,0.23723674069037148,0.12946698136719226,-0.0769647217500864,-0.2775577756678489,0.3007236411623655,-0.4522137759847904,-0.9773828350486573,0.11891016369053897,0.946458648918421,-0.5110979330833212,0.11057752257034537,0.7704424085178365,-0.05477011763815698,-0.20888692947227772,0.21197844213285544,0.9241996680391216,0.5825325301296758,0.13919528848887808,0.9219374649382059,-0.798393813024588,0.1963980942427821,-0.4971129079954193,-0.4428034372169414,-0.830502707680246,-0.8318858208765167,-0.8853356994412778,-0.42288833172576457,0.8500152389982238,-0.8684261811414282,0.3490730882169144,0.9980475122608303,0.38037561594704417,0.9297250878211125,-0.17579053851837978,0.7321012474421418,0.8629533161002607,-0.9289058284903946,0.8416751193994094,-0.4885445025599062,-0.21774474719188341,-0.3789533425803664,-0.5639541260967051,0.5267602663880329,-0.34112410758990275,0.4331435675172808,0.284793062734245,-0.36532027747341034,0.19437826139298808,0.4349347945738682,-0.9141152375450019,-0.9456264934247836,0.19063863729362485,-0.1522338573842672,-0.9219258654835643,0.7143562756059922,-0.5789881461393886,0.5060802198628498,-0.9229126029969179,0.6258989387750642,0.8398807664453773,0.0035990878199301246,0.8543375093324055,-0.32879488193182427,-0.7554557780135611,0.6871444530499051,0.8379252206875396,-0.9395278423652831,-0.4455329651679041,0.2830998994156455,-0.8605893388995876,0.7410122879341758,-0.20835377917546705,-0.19044111919885975,-0.3580538725283189,-0.05269617268325133,0.8781699948752277,-0.5648057347319271,0.5834443208027573,0.19402317855692175,0.7637801529062593,0.8652406446356435,-0.8881348344037803,-0.5224486071760437,-0.31549068288420057,0.3297390960145301,-0.502243112351727,-0.05876340701182858,-0.7350497479132669,0.3343163350189271,0.859430158516735,-0.7799356932253776,-0.31733209108797533,0.27175951977886004,0.025024868943335443,-0.19261220064750972,-0.06277970003379973,-0.7832745464437147,0.09806095241488233,0.1814821286874997,0.40597468532700787,-0.43713737643108663,-0.45804423112009585,-0.30428001196998045,-0.34984695315211134,-0.9707259691340044,-0.8702659319307988,-0.629631089297777,0.1570930960219692,-0.7707203113676644,0.8456626267922323,0.38723779905247735,-0.39638997507280305,-0.22781969969179205,-0.4294697466508748,0.7283682706015449,0.6591191885824705,0.4030540420933302,-0.0024059445668980217,-0.4197334182971122,-0.5703777624467048,-0.83553301835671,0.7328829435824267,-0.5404119634341789,-0.22975887598107647,-0.17346879684601735,0.3193871778476838,0.2839561964351667,0.23771292604533611,-0.3213739194837526,0.558369971071186,0.9777923143058622,0.04162683761784258,0.23227074269368075,0.5667094587379262,0.9384073688373182,0.5920600304667372,0.1696606221847483,0.8178289540781232,-0.9748716256770973,0.3773192717672671,0.8863183090108568,0.7534796526861387,-0.6771897252441161,0.5786052480703083,-0.2530850624062422,0.8056078418951449,-0.7194552633422202,0.16642337735934598,0.9964530806345286,-0.10453758135353519,0.15181242426639963,-0.10115685500061744,0.2612606684888048,0.4693537271049324,0.4734543933521749,-0.007938742215879868,0.6831880516242359,-0.18908525699152756,0.27028689660153304,-0.4965372131860075,-0.7739971358747593,0.4521211420974298,-0.26240335575130413,0.3583149780465922,-0.30970777665727534,-0.8675366853411213
54.65200454205431,0.27654586642191625,-0.10562041319852589,0.5871253036697108,-0.9483968087852248,-0.15746473280852524,0.5010203277755982,0.07732519889841116,0.7178858888530151,-0.8587603873502889,0.1720601216925366,-0.3967596950592158,-0.5066426001518469,-0.5959625892702904,-0.5604849224304598,-0.28621221527212093,0.4799011197839518,0.044926228620710607,0.4415543643520303,-0.09156085582300455,0.6935184301171309,-0.991742680745364,-0.7553063275271086,-0.3370522115974759,-0.45617534595985254,-0.8231279518784058,-0.5747343142377275,-0.20635535309827624,0.6543684113501378,-0.0535295820556394,-0.5626607540371076,0.5893738665249644,-0.16630588637721333,-0.7920080973958923,0.6654224625834093,0.422448283719449,0.08693974846297836,-0.597042313576573,0.7129294350142454,-0.451632358348224,-0.5653837705965821,-0.4226474907822384,-0.31173866838961617,-0.9982826559079361,-0.9970477696457396,0.5240761519690176,0.01256015333770133,0.4896151394125816,-0.1992236736363031,0.9618757890961618,-0.8685127196736528,0.5823700974571238,0.2010693243491577,0.07006615177258313,-0.997868837640447,-0.2972558159326071,0.32194423340891265,0.1994827035514979,-0.7144680083805242,0.7911105973319856,-0.288334180090406,-0.15989072210867405,-0.6828875653774129,-0.3217780455106414,0.819879362849959,0.7629909380820419,-0.0942720989784307,-0.25056967112971185,0.8841284468831949,0.04419210365238513,0.34688497984620525,-0.7091710938398108,0.24570519499931365,0.4638972065238778,0.46869639723813394,0.3915653222794324,0.014537044595945403,0.9239555457805115,-0.39586299256251034,0.6744610463101739,0.2925131284813669,0.43485248361307516,0.9962142524476953,-0.592355850700109,0.3639645989975244,-0.9144111164397042,-0.8521321973443596,0.0051716427979240365,0.028709452113330647,-0.6793561401168464,-0.6081429917504133,-0.44024202758205044,-0.28307156434810987,-0.438525402684226,0.40783167754731786,0.48611385832138865,-0.8712920479003732,0.23285703330690666,-0.3302917062776365,0.20991864620004597,0.23723674069037148,0.12946698136719226,-0.0769647217500864,-0.2775577756678489,0.3007236411623655,-0.4522137759847904,-0.9773828350486573,0.11891016369053897,0.946458648918421,-0.5110979330833212,0.11057752257034537,0.7704424085178365,-0.05477011763815698,-0.20888692947227772,0.21197844213285544,0.9241996680391216,0.5825325301296758,0.13919528848887808,0.9219374649382059,-0.798393813024588,0.1963980942427821,-0.4971129079954193,-0.4428034372169414,-0.830502707680246,-0.8318858208765167,-0.8853356994412778,-0.42288833172576457,0.8500152389982238,-0.8684261811414282,0.3490730882169144,0.9980475122608303,0.38037561594704417,0.9297250878211125,-0.17579053851837978,0.7321012474421418,0.8629533161002607,-0.9289058284903946,0.8416751193994094,-0.4885445025599062,-0.21774474719188341,-0.3789533425803664,-0.5639541260967051,0.5267602663880329,-0.34112410758990275,0.4331435675172808,0.284793062734245,-0.36532027747341034,0.19437826139298808,0.4349347945738682,-0.9141152375450019,-0.9456264934247836,0.19063863729362485,-0.1522338573842672,-0.9219258654835643,0.7143562756059922,-0.5789881461393886,0.5060802198628498,-0.9229126029969179,0.6258989387750642,0.8398807664453773,0.0035990878199301246,0.8543375093324055,-0.32879488193182427,-0.7554557780135611,0.6871444530499051,0.8379252206875396,-0.9395278423652831,-0.4455329651679041,0.2830998994156455,-0.8605893388995876,0.7410122879341758,-0.20835377917546705,-0.19044111919885975,-0.3580538725283189,-0.05269617268325133,0.8781699948752277,-0.5648057347319271,0.5834443208027573,0.19402317855692175,0.7637801529062593,0.8652406446356435,-0.8881348344037803,-0.5224486071760437,-0.31549068288420057,0.3297390960145301,-0.502243112351727,-0.05876340701182858,-0.7350497479132669,0.3343163350189271,0.859430158516735,-0.7799356932253776,-0.31733209108797533,0.27175951977886004,0.025024868943335443,-0.19261220064750972,-0.06277970003379973,-0.7832745464437147,0.09806095241488233,0.1814821286874997,0.40597468532700787,-0.43713737643108663,-0.45804423112009585,-0.30428001196998045,-0.34984695315211134,-0.9707259691340044,-0.8702659319307988,-0.629631089297777,0.1570930960219692,-0.7707203113676644,0.8456626267922323,0.38723779905247735,-0.39638997507280305,-0.22781969969179205,-0.4294697466508748,0.7283682706015449,0.6591191885824705,0.4030540420933302,-0.0024059445668980217,-0.4197334182971122,-0.5703777624467048,-0.83553301835671,0.7328829435824267,-0.5404119634341789,-0.22975887598107647,-0.17346879684601735,0.3193871778476838,0.2839561964351667,0.23771292604533611,-0.3213739194837526,0.558369971071186,0.9777923143058622,0.04162683761784258,0.23227074269368075,0.5667094587379262,0.9384073688373182,0.5920600304667372,0.1696606221847483,0.8178289540781232,-0.9748716256770973,0.3773192717672671,0.8863183090108568,0.7534796526861387,-0.6771897252441161,0.5786052480703083,-0.2530850624062422,0.8056078418951449,-0.7194552633422202,0.16642337735934598,0.9964530806345286,-0.10453758135353519,0.15181242426639963,-0.10115685500061744,0.2612606684888048,0.4693537271049324,0.4734543933521749,-0.007938742215879868,0.6831880516242359,-0.18908525699152756,0.27028689660153304,-0.4965372131860075,-0.7739971358747593,0.4521211420974298,-0.26240335575130413,0.3583149780465922,-0.30970777665727534,-0.8675366853411213
54.65200454205431,0.27654586642191625,-0.10562041319852589,0.5871253036697108,-0.9483968087852248,-0.15746473280852524,0.5010203277755982,0.07732519889841116,0.7178858888530151,-0.8587603873502889,0.1720601216925366,-0.3967596950592158,-0.5066426001518469,-0.5959625892702904,-0.5604849224304598,-0.28621221527212093,0.4799011197839518,0.044926228620710607,0.4415543643520303,-0.09156085582300455,0.6935184301171309,-0.991742680745364,-0.7553063275271086,-0.3370522115974759,-0.45617534595985254,-0.8231279518784058,-0.5747343142377275,-0.20635535309827624,0.6543684113501378,-0.0535295820556394,-0.5626607540371076,0.5893738665249644,-0.16630588637721333,-0.7920080973958923,0.6654224625834093,0.422448283719449,0.08693974846297836,-0.597042313576573,0.7129294350142454,-0.451632358348224,-0.5653837705965821,-0.4226474907822384,-0.31173866838961617,-0.9982826559079361,-0.9970477696457396,0.5240761519690176,0.01256015333770133,0.4896151394125816,-0.1992236736363031,0.9618757890961618,-0.8685127196736528,0.5823700974571238,0.2010693243491577,0.07006615177258313,-0.997868837640447,-0.2972558159326071,0.32194423340891265,0.1994827035514979,-0.7144680083805242,0.7911105973319856,-0.288334180090406,-0.15989072210867405,-0.6828875653774129,-0.3217780455106414,0.819879362849959,0.7629909380820419,-0.0942720989784307,-0.25056967112971185,0.8841284468831949,0.04419210365238513,0.34688497984620525,-0.7091710938398108,0.24570519499931365,0.4638972065238778,0.46869639723813394,0.3915653222794324,0.014537044595945403,0.9239555457805115,-0.39586299256251034,0.6744610463101739,0.2925131284813669,0.43485248361307516,0.9962142524476953,-0.592355850700109,0.3639645989975244,-0.9144111164397042,-0.8521321973443596,0.0051716427979240365,0.028709452113330647,-0.6793561401168464,-0.6081429917504133,-0.44024202758205044,-0.28307156434810987,-0.438525402684226,0.40783167754731786,0.48611385832138865,-0.8712920479003732,0.23285703330690666,-0.3302917062776365,0.20991864620004597,0.23723674069037148,0.12946698136719226,-0.0769647217500864,-0.2775577756678489,0.3007236411623655,-0.4522137759847904,-0.9773828350486573,0.11891016369053897,0.946458648918421,-0.5110979330833212,0.11057752257034537,0.7704424085178365,-0.05477011763815698,-0.20888692947227772,0.21197844213285544,0.9241996680391216,0.5825325301296758,0.13919528848887808,0.9219374649382059,-0.798393813024588,0.1963980942427821,-0.4971129079954193,-0.4428034372169414,-0.830502707680246,-0.8318858208765167,-0.8853356994412778,-0.42288833172576457,0.8500152389982238,-0.8684261811414282,0.3490730882169144,0.9980475122608303,0.38037561594704417,0.9297250878211125,-0.17579053851837978,0.7321012474421418,0.8629533161002607,-0.9289058284903946,0.8416751193994094,-0.4885445025599062,-0.21774474719188341,-0.3789533425803664,-0.5639541260967051,0.5267602663880329,-0.34112410758990275,0.4331435675172808,0.284793062734245,-0.36532027747341034,0.19437826139298808,0.4349347945738682,-0.9141152375450019,-0.9456264934247836,0.19063863729362485,-0.1522338573842672,-0.9219258654835643,0.7143562756059922,-0.5789881461393886,0.5060802198628498,-0.9229126029969179,0.6258989387750642,0.8398807664453773,0.0035990878199301246,0.8543375093324055,-0.32879488193182427,-0.7554557780135611,0.6871444530499051,0.8379252206875396,-0.9395278423652831,-0.4455329651679041,0.2830998994156455,-0.8605893388995876,0.7410122879341758,-0.20835377917546705,-0.19044111919885975,-0.3580538725283189,-0.05269617268325133,0.8781699948752277,-0.5648057347319271,0.5834443208027573,0.19402317855692175,0.7637801529062593,0.8652406446356435,-0.8881348344037803,-0.5224486071760437,-0.31549068288420057,0.3297390960145301,-0.502243112351727,-0.05876340701182858,-0.7350497479132669,0.3343163350189271,0.859430158516735,-0.7799356932253776,-0.31733209108797533,0.27175951977886004,0.025024868943335443,-0.19261220064750972,-0.06277970003379973,-0.7832745464437147,0.09806095241488233,0.1814821286874997,0.40597468532700787,-0.43713737643108663,-0.45804423112009585,-0.30428001196998045,-0.34984695315211134,-0.9707259691340044,-0.8702659319307988,-0.629631089297777,0.1570930960219692,-0.7707203113676644,0.8456626267922323,0.38723779905247735,-0.39638997507280305,-0.22781969969179205,-0.4294697466508748,0.7283682706015449,0.6591191885824705,0.4030540420933302,-0.0024059445668980217,-0.4197334182971122,-0.5703777624467048,-0.83553301835671,0.7328829435824267,-0.5404119634341789,-0.22975887598107647,-0.17346879684601735,0.3193871778476838,0.2839561964351667,0.23771292604533611,-0.3213739194837526,0.558369971071186,0.9777923143058622,0.04162683761784258,0.23227074269368075,0.5667094587379262,0.9384073688373182,0.5920600304667372,0.1696606221847483,0.8178289540781232,-0.9748716256770973,0.3773192717672671,0.8863183090108568,0.7534796526861387,-0.6771897252441161,0.5786052480703083,-0.2530850624062422,0.8056078418951449,-0.7194552633422202,0.16642337735934598,0.9964530806345286,-0.10453758135353519,0.15181242426639963,-0.10115685500061744,0.2612606684888048,0.4693537271049324,0.4734543933521749,-0.007938742215879868,0.6831880516242359,-0.18908525699152756,0.27028689660153304,-0.4965372131860075,-0.7739971358747593,0.4521211420974298,-0.26240335575130413,0.3583149780465922,-0.30970777665727534,-0.8675366853411213
54.65200454205431,0.27654586642191625,-0.10562041319852589,0.5871253036697108,-0.9483968087852248,-0.15746473280852524,0.5010203277755982,0.07732519889841116,0.7178858888530151,-0.8587603873502889,0.1720601216925366,-0.3967596950592158,-0.5066426001518469,-0.5959625892702904,-0.5604849224304598,-0.28621221527212093,0.4799011197839518,0.044926228620710607,0.4415543643520303,-0.09156085582300455,0.6935184301171309,-0.991742680745364,-0.7553063275271086,-0.3370522115974759,-0.45617534595985254,-0.8231279518784058,-0.5747343142377275,-0.20635535309827624,0.6543684113501378,-0.0535295820556394,-0.5626607540371076,0.5893738665249644,-0.16630588637721333,-0.7920080973958923,0.6654224625834093,0.422448283719449,0.08693974846297836,-0.597042313576573,0.7129294350142454,-0.451632358348224,-0.5653837705965821,-0.4226474907822384,-0.31173866838961617,-0.9982826559079361,-0.9970477696457396,0.5240761519690176,0.01256015333770133,0.4896151394125816,-0.1992236736363031,0.9618757890961618,-0.8685127196736528,0.5823700974571238,0.2010693243491577,0.07006615177258313,-0.997868837640447,-0.2972558159326071,0.32194423340891265,0.1994827035514979,-0.7144680083805242,0.7911105973319856,-0.288334180090406,-0.15989072210867405,-0.6828875653774129,-0.3217780455106414,0.819879362849959,0.7629909380820419,-0.0942720989784307,-0.25056967112971185,0.8841284468831949,0.04419210365238513,0.34688497984620525,-0.7091710938398108,0.24570519499931365,0.4638972065238778,0.46869639723813394,0.3915653222794324,0.014537044595945403,0.9239555457805115,-0.39586299256251034,0.6744610463101739,0.2925131284813669,0.43485248361307516,0.9962142524476953,-0.592355850700109,0.3639645989975244,-0.9144111164397042,-0.8521321973443596,0.0051716427979240365,0.028709452113330647,-0.6793561401168464,-0.6081429917504133,-0.44024202758205044,-0.28307156434810987,-0.438525402684226,0.40783167754731786,0.48611385832138865,-0.8712920479003732,0.23285703330690666,-0.3302917062776365,0.20991864620004597,0.23723674069037148,0.12946698136719226,-0.0769647217500864,-0.2775577756678489,0.3007236411623655,-0.4522137759847904,-0.9773828350486573,0.11891016369053897,0.946458648918421,-0.5110979330833212,0.11057752257034537,0.7704424085178365,-0.05477011763815698,-0.20888692947227772,0.21197844213285544,0.9241996680391216,0.5825325301296758,0.13919528848887808,0.9219374649382059,-0.798393813024588,0.1963980942427821,-0.4971129079954193,-0.4428034372169414,-0.830502707680246,-0.8318858208765167,-0.8853356994412778,-0.42288833172576457,0.8500152389982238,-0.8684261811414282,0.3490730882169144,0.9980475122608303,0.38037561594704417,0.9297250878211125,-0.17579053851837978,0.7321012474421418,0.8629533161002607,-0.9289058284903946,0.8416751193994094,-0.4885445025599062,-0.21774474719188341,-0.3789533425803664,-0.5639541260967051,0.5267602663880329,-0.34112410758990275,0.4331435675172808,0.284793062734245,-0.36532027747341034,0.19437826139298808,0.4349347945738682,-0.9141152375450019,-0.9456264934247836,0.19063863729362485,-0.1522338573842672,-0.9219258654835643,0.7143562756059922,-0.5789881461393886,0.5060802198628498,-0.9229126029969179,0.6258989387750642,0.8398807664453773,0.0035990878199301246,0.8543375093324055,-0.32879488193182427,-0.7554557780135611,0.6871444530499051,0.8379252206875396,-0.9395278423652831,-0.4455329651679041,0.2830998994156455,-0.8605893388995876,0.7410122879341758,-0.20835377917546705,-0.19044111919885975,-0.3580538725283189,-0.05269617268325133,0.8781699948752277,-0.5648057347319271,0.5834443208027573,0.19402317855692175,0.7637801529062593,0.8652406446356435,-0.8881348344037803,-0.5224486071760437,-0.31549068288420057,0.3297390960145301,-0.502243112351727,-0.05876340701182858,-0.7350497479132669,0.3343163350189271,0.859430158516735,-0.7799356932253776,-0.31733209108797533,0.27175951977886004,0.025024868943335443,-0.19261220064750972,-0.06277970003379973,-0.7832745464437147,0.09806095241488233,0.1814821286874997,0.40597468532700787,-0.43713737643108663,-0.45804423112009585,-0.30428001196998045,-0.34984695315211134,-0.9707259691340044,-0.8702659319307988,-0.629631089297777,0.1570930960219692,-0.7707203113676644,0.8456626267922323,0.38723779905247735,-0.39638997507280305,-0.22781969969179205,-0.4294697466508748,0.7283682706015449,0.6591191885824705,0.4030540420933302,-0.0024059445668980217,-0.4197334182971122,-0.5703777624467048,-0.83553301835671,0.7328829435824267,-0.5404119634341789,-0.22975887598107647,-0.17346879684601735,0.3193871778476838,0.2839561964351667,0.23771292604533611,-0.3213739194837526,0.558369971071186,0.9777923143058622,0.04162683761784258,0.23227074269368075,0.5667094587379262,0.9384073688373182,0.5920600304667372,0.1696606221847483,0.8178289540781232,-0.9748716256770973,0.3773192717672671,0.8863183090108568,0.7534796526861387,-0.6771897252441161,0.5786052480703083,-0.2530850624062422,0.8056078418951449,-0.7194552633422202,0.16642337735934598,0.9964530806345286,-0.10453758135353519,0.15181242426639963,-0.10115685500061744,0.2612606684888048,0.4693537271049324,0.4734543933521749,-0.007938742215879868,0.6831880516242359,-0.18908525699152756,0.27028689660153304,-0.4965372131860075,-0.7739971358747593,0.4521211420974298,-0.26240335575130413,0.3583149780465922,-0.30970777665727534,-0.8675366853411213
54.65200454205431,0.27654586642191625,-0.10562041319852589,0.5871253036697108,-0.9483968087852248,-0.15746473280852524,0.5010203277755982,0.07732519889841116,0.7178858888530151,-0.8587603873502889,0.1720601216925366,-0.3967596950592158,-0.5066426001518469,-0.5959625892702904,-0.5604849224304598,-0.28621221527212093,0.4799011197839518,0.044926228620710607,0.4415543643520303,-0.09156085582300455,0.6935184301171309,-0.991742680745364,-0.7553063275271086,-0.3370522115974759,-0.45617534595985254,-0.8231279518784058,-0.5747343142377275,-0.20635535309827624,0.6543684113501378,-0.0535295820556394,-0.5626607540371076,0.5893738665249644,-0.16630588637721333,-0.7920080973958923,0.6654224625834093,0.422448283719449,0.08693974846297836,-0.597042313576573,0.7129294350142454,-0.451632358348224,-0.5653837705965821,-0.4226474907822384,-0.31173866838961617,-0.9982826559079361,-0.9970477696457396,0.5240761519690176,0.01256015333770133,0.4896151394125816,-0.1992236736363031,0.9618757890961618,-0.8685127196736528,0.5823700974571238,0.2010693243491577,0.07006615177258313,-0.997868837640447,-0.2972558159326071,0.32194423340891265,0.1994827035514979,-0.7144680083805242,0.7911105973319856,-0.288334180090406,-0.15989072210867405,-0.6828875653774129,-0.3217780455106414,0.819879362849959,0.7629909380820419,-0.0942720989784307,-0.25056967112971185,0.8841284468831949,0.04419210365238513,0.34688497984620525,-0.7091710938398108,0.24570519499931365,0.4638972065238778,0.46869639723813394,0.3915653222794324,0.014537044595945403,0.9239555457805115,-0.39586299256251034,0.6744610463101739,0.2925131284813669,0.43485248361307516,0.9962142524476953,-0.592355850700109,0.3639645989975244,-0.9144111164397042,-0.8521321973443596,0.0051716427979240365,0.028709452113330647,-0.6793561401168464,-0.6081429917504133,-0.44024202758205044,-0.28307156434810987,-0.438525402684226,0.40783167754731786,0.48611385832138865,-0.8712920479003732,0.23285703330690666,-0.3302917062776365,0.20991864620004597,0.23723674069037148,0.12946698136719226,-0.0769647217500864,-0.2775577756678489,0.3007236411623655,-0.4522137759847904,-0.9773828350486573,0.11891016369053897,0.946458648918421,-0.5110979330833212,0.11057752257034537,0.7704424085178365,-0.05477011763815698,-0.20888692947227772,0.21197844213285544,0.9241996680391216,0.5825325301296758,0.13919528848887808,0.9219374649382059,-0.798393813024588,0.1963980942427821,-0.4971129079954193,-0.4428034372169414,-0.830502707680246,-0.8318858208765167,-0.8853356994412778,-0.42288833172576457,0.8500152389982238,-0.8684261811414282,0.3490730882169144,0.9980475122608303,0.38037561594704417,0.9297250878211125,-0.17579053851837978,0.7321012474421418,0.8629533161002607,-0.9289058284903946,0.8416751193994094,-0.4885445025599062,-0.21774474719188341,-0.3789533425803664,-0.5639541260967051,0.5267602663880329,-0.34112410758990275,0.4331435675172808,0.284793062734245,-0.36532027747341034,0.19437826139298808,0.4349347945738682,-0.9141152375450019,-0.9456264934247836,0.19063863729362485,-0.1522338573842672,-0.9219258654835643,0.7143562756059922,-0.5789881461393886,0.5060802198628498,-0.9229126029969179,0.6258989387750642,0.8398807664453773,0.0035990878199301246,0.8543375093324055,-0.32879488193182427,-0.7554557780135611,0.6871444530499051,0.8379252206875396,-0.9395278423652831,-0.4455329651679041,0.2830998994156455,-0.8605893388995876,0.7410122879341758,-0.20835377917546705,-0.19044111919885975,-0.3580538725283189,-0.05269617268325133,0.8781699948752277,-0.5648057347319271,0.5834443208027573,0.19402317855692175,0.7637801529062593,0.8652406446356435,-0.8881348344037803,-0.5224486071760437,-0.31549068288420057,0.3297390960145301,-0.502243112351727,-0.05876340701182858,-0.7350497479132669,0.3343163350189271,0.859430158516735,-0.7799356932253776,-0.31733209108797533,0.27175951977886004,0.025024868943335443,-0.19261220064750972,-0.06277970003379973,-0.7832745464437147,0.09806095241488233,0.1814821286874997,0.40597468532700787,-0.43713737643108663,-0.45804423112009585,-0.30428001196998045,-0.34984695315211134,-0.9707259691340044,-0.8702659319307988,-0.629631089297777,0.1570930960219692,-0.7707203113676644,0.8456626267922323,0.38723779905247735,-0.39638997507280305,-0.22781969969179205,-0.4294697466508748,0.7283682706015449,0.6591191885824705,0.4030540420933302,-0.0024059445668980217,-0.4197334182971122,-0.5703777624467048,-0.83553301835671,0.7328829435824267,-0.5404119634341789,-0.22975887598107647,-0.17346879684601735,0.3193871778476838,0.2839561964351667,0.23771292604533611,-0.3213739194837526,0.558369971071186,0.9777923143058622,0.04162683761784258,0.23227074269368075,0.5667094587379262,0.9384073688373182,0.5920600304667372,0.1696606221847483,0.8178289540781232,-0.9748716256770973,0.3773192717672671,0.8863183090108568,0.7534796526861387,-0.6771897252441161,0.5786052480703083,-0.2530850624062422,0.8056078418951449,-0.7194552633422202,0.16642337735934598,0.9964530806345286,-0.10453758135353519,0.15181242426639963,-0.10115685500061744,0.2612606684888048,0.4693537271049324,0.4734543933521749,-0.007938742215879868,0.6831880516242359,-0.18908525699152756,0.27028689660153304,-0.4965372131860075,-0.7739971358747593,0.4521211420974298,-0.26240335575130413,0.3583149780465922,-0.30970777665727534,-0.8675366853411213
54.65200454205431,0.27654586642191625,-0.10562041319852589,0.5871253036697108,-0.9483968087852248,-0.15746473280852524,0.5010203277755982,0.07732519889841116,0.7178858888530151,-0.8587603873502889,0.1720601216925366,-0.3967596950592158,-0.5066426001518469,-0.5959625892702904,-0.5604849224304598,-0.28621221527212093,0.4799011197839518,0.044926228620710607,0.4415543643520303,-0.09156085582300455,0.6935184301171309,-0.991742680745364,-0.7553063275271086,-0.3370522115974759,-0.45617534595985254,-0.8231279518784058,-0.5747343142377275,-0.20635535309827624,0.6543684113501378,-0.0535295820556394,-0.5626607540371076,0.5893738665249644,-0.16630588637721333,-0.7920080973958923,0.6654224625834093,0.422448283719449,0.08693974846297836,-0.597042313576573,0.7129294350142454,-0.451632358348224,-0.5653837705965821,-0.4226474907822384,-0.31173866838961617,-0.9982826559079361,-0.9970477696457396,0.5240761519690176,0.01256015333770133,0.4896151394125816,-0.1992236736363031,0.9618757890961618,-0.8685127196736528,0.5823700974571238,0.2010693243491577,0.07006615177258313,-0.997868837640447,-0.2972558159326071,0.32194423340891265,0.1994827035514979,-0.7144680083805242,0.7911105973319856,-0.288334180090406,-0.15989072210867405,-0.6828875653774129,-0.3217780455106414,0.819879362849959,0.7629909380820419,-0.0942720989784307,-0.25056967112971185,0.8841284468831949,0.04419210365238513,0.34688497984620525,-0.7091710938398108,0.24570519499931365,0.4638972065238778,0.46869639723813394,0.3915653222794324,0.014537044595945403,0.9239555457805115,-0.39586299256251034,0.6744610463101739,0.2925131284813669,0.43485248361307516,0.9962142524476953,-0.592355850700109,0.3639645989975244,-0.9144111164397042,-0.8521321973443596,0.0051716427979240365,0.028709452113330647,-0.6793561401168464,-0.6081429917504133,-0.44024202758205044,-0.28307156434810987,-0.438525402684226,0.40783167754731786,0.48611385832138865,-0.8712920479003732,0.23285703330690666,-0.3302917062776365,0.20991864620004597,0.23723674069037148,0.12946698136719226,-0.0769647217500864,-0.2775577756678489,0.3007236411623655,-0.4522137759847904,-0.9773828350486573,0.11891016369053897,0.946458648918421,-0.5110979330833212,0.11057752257034537,0.7704424085178365,-0.05477011763815698,-0.20888692947227772,0.21197844213285544,0.9241996680391216,0.5825325301296758,0.13919528848887808,0.9219374649382059,-0.798393813024588,0.1963980942427821,-0.4971129079954193,-0.4428034372169414,-0.830502707680246,-0.8318858208765167,-0.8853356994412778,-0.42288833172576457,0.8500152389982238,-0.8684261811414282,0.3490730882169144,0.9980475122608303,0.38037561594704417,0.9297250878211125,-0.17579053851837978,0.7321012474421418,0.8629533161002607,-0.9289058284903946,0.8416751193994094,-0.4885445025599062,-0.21774474719188341,-0.3789533425803664,-0.5639541260967051,0.5267602663880329,-0.34112410758990275,0.4331435675172808,0.284793062734245,-0.36532027747341034,0.19437826139298808,0.4349347945738682,-0.9141152375450019,-0.9456264934247836,0.19063863729362485,-0.1522338573842672,-0.9219258654835643,0.7143562756059922,-0.5789881461393886,0.5060802198628498,-0.9229126029969179,0.6258989387750642,0.8398807664453773,0.0035990878199301246,0.8543375093324055,-0.32879488193182427,-0.7554557780135611,0.6871444530499051,0.8379252206875396,-0.9395278423652831,-0.4455329651679041,0.2830998994156455,-0.8605893388995876,0.7410122879341758,-0.20835377917546705,-0.19044111919885975,-0.3580538725283189,-0.05269617268325133,0.8781699948752277,-0.5648057347319271,0.5834443208027573,0.19402317855692175,0.7637801529062593,0.8652406446356435,-0.8881348344037803,-0.5224486071760437,-0.31549068288420057,0.3297390960145301,-0.502243112351727,-0.05876340701182858,-0.7350497479132669,0.3343163350189271,0.859430158516735,-0.7799356932253776,-0.31733209108797533,0.27175951977886004,0.025024868943335443,-0.19261220064750972,-0.06277970003379973,-0.7832745464437147,0.09806095241488233,0.1814821286874997,0.40597468532700787,-0.43713737643108663,-0.45804423112009585,-0.30428001196998045,-0.34984695315211134,-0.9707259691340044,-0.8702659319307988,-0.629631089297777,0.1570930960219692,-0.7707203113676644,0.8456626267922323,0.38723779905247735,-0.39638997507280305,-0.22781969969179205,-0.4294697466508748,0.7283682706015449,0.6591191885824705,0.4030540420933302,-0.0024059445668980217,-0.4197334182971122,-0.5703777624467048,-0.83553301835671,0.7328829435824267,-0.5404119634341789,-0.22975887598107647,-0.17346879684601735,0.3193871778476838,0.2839561964351667,0.23771292604533611,-0.3213739194837526,0.558369971071186,0.9777923143058622,0.04162683761784258,0.23227074269368075,0.5667094587379262,0.9384073688373182,0.5920600304667372,0.1696606221847483,0.8178289540781232,-0.9748716256770973,0.3773192717672671,0.8863183090108568,0.7534796526861387,-0.6771897252441161,0.5786052480703083,-0.2530850624062422,0.8056078418951449,-0.7194552633422202,0.16642337735934598,0.9964530806345286,-0.10453758135353519,0.15181242426639963,-0.10115685500061744,0.2612606684888048,0.4693537271049324,0.4734543933521749,-0.007938742215879868,0.6831880516242359,-0.18908525699152756,0.27028689660153304,-0.4965372131860075,-0.7739971358747593,0.4521211420974298,-0.26240335575130413,0.3583149780465922,-0.30970777665727534,-0.8675366853411213
54.65200454205431,0.27654586642191625,-0.10562041319852589,0.5871253036697108,-0.9483968087852248,-0.15746473280852524,0.5010203277755982,0.07732519889841116,0.7178858888530151,-0.8587603873502889,0.1720601216925366,-0.3967596950592158,-0.5066426001518469,-0.5959625892702904,-0.5604849224304598,-0.28621221527212093,0.4799011197839518,0.044926228620710607,0.4415543643520303,-0.09156085582300455,0.6935184301171309,-0.991742680745364,-0.7553063275271086,-0.3370522115974759,-0.45617534595985254,-0.8231279518784058,-0.5747343142377275,-0.20635535309827624,0.6543684113501378,-0.0535295820556394,-0.5626607540371076,0.5893738665249644,-0.16630588637721333,-0.7920080973958923,0.6654224625834093,0.422448283719449,0.08693974846297836,-0.597042313576573,0.7129294350142454,-0.451632358348224,-0.5653837705965821,-0.4226474907822384,-0.31173866838961617,-0.9982826559079361,-0.9970477696457396,0.5240761519690176,0.01256015333770133,0.4896151394125816,-0.1992236736363031,0.9618757890961618,-0.8685127196736528,0.5823700974571238,0.2010693243491577,0.07006615177258313,-0.997868837640447,-0.2972558159326071,0.32194423340891265,0.1994827035514979,-0.7144680083805242,0.7911105973319856,-0.288334180090406,-0.15989072210867405,-0.6828875653774129,-0.3217780455106414,0.819879362849959,0.7629909380820419,-0.0942720989784307,-0.25056967112971185,0.8841284468831949,0.04419210365238513,0.34688497984620525,-0.7091710938398108,0.24570519499931365,0.4638972065238778,0.46869639723813394,0.3915653222794324,0.014537044595945403,0.9239555457805115,-0.39586299256251034,0.6744610463101739,0.2925131284813669,0.43485248361307516,0.9962142524476953,-0.592355850700109,0.3639645989975244,-0.9144111164397042,-0.8521321973443596,0.0051716427979240365,0.028709452113330647,-0.6793561401168464,-0.6081429917504133,-0.44024202758205044,-0.28307156434810987,-0.438525402684226,0.40783167754731786,0.48611385832138865,-0.8712920479003732,0.23285703330690666,-0.3302917062776365,0.20991864620004597,0.23723674069037148,0.12946698136719226,-0.0769647217500864,-0.2775577756678489,0.3007236411623655,-0.4522137759847904,-0.9773828350486573,0.11891016369053897,0.946458648918421,-0.5110979330833212,0.11057752257034537,0.7704424085178365,-0.05477011763815698,-0.20888692947227772,0.21197844213285544,0.9241996680391216,0.5825325301296758,0.13919528848887808,0.9219374649382059,-0.798393813024588,0.1963980942427821,-0.4971129079954193,-0.4428034372169414,-0.830502707680246,-0.8318858208765167,-0.8853356994412778,-0.42288833172576457,0.8500152389982238,-0.8684261811414282,0.3490730882169144,0.9980475122608303,0.38037561594704417,0.9297250878211125,-0.17579053851837978,0.7321012474421418,0.8629533161002607,-0.9289058284903946,0.8416751193994094,-0.4885445025599062,-0.21774474719188341,-0.3789533425803664,-0.5639541260967051,0.5267602663880329,-0.34112410758990275,0.4331435675172808,0.284793062734245,-0.36532027747341034,0.19437826139298808,0.4349347945738682,-0.9141152375450019,-0.9456264934247836,0.19063863729362485,-0.1522338573842672,-0.9219258654835643,0.7143562756059922,-0.5789881461393886,0.5060802198628498,-0.9229126029969179,0.6258989387750642,0.8398807664453773,0.0035990878199301246,0.8543375093324055,-0.32879488193182427,-0.7554557780135611,0.6871444530499051,0.8379252206875396,-0.9395278423652831,-0.4455329651679041,0.2830998994156455,-0.8605893388995876,0.7410122879341758,-0.20835377917546705,-0.19044111919885975,-0.3580538725283189,-0.05269617268325133,0.8781699948752277,-0.5648057347319271,0.5834443208027573,0.19402317855692175,0.7637801529062593,0.8652406446356435,-0.8881348344037803,-0.5224486071760437,-0.31549068288420057,0.3297390960145301,-0.502243112351727,-0.05876340701182858,-0.7350497479132669,0.3343163350189271,0.859430158516735,-0.7799356932253776,-0.31733209108797533,0.27175951977886004,0.025024868943335443,-0.19261220064750972,-0.06277970003379973,-0.7832745464437147,0.09806095241488233,0.1814821286874997,0.40597468532700787,-0.43713737643108663,-0.45804423112009585,-0.30428001196998045,-0.34984695315211134,-0.9707259691340044,-0.8702659319307988,-0.629631089297777,0.1570930960219692,-0.7707203113676644,0.8456626267922323,0.38723779905247735,-0.39638997507280305,-0.22781969969179205,-0.4294697466508748,0.7283682706015449,0.6591191885824705,0.4030540420933302,-0.0024059445668980217,-0.4197334182971122,-0.5703777624467048,-0.83553301835671,0.7328829435824267,-0.5404119634341789,-0.22975887598107647,-0.17346879684601735,0.3193871778476838,0.2839561964351667,0.23771292604533611,-0.3213739194837526,0.558369971071186,0.9777923143058622,0.04162683761784258,0.23227074269368075,0.5667094587379262,0.9384073688373182,0.5920600304667372,0.1696606221847483,0.8178289540781232,-0.9748716256770973,0.3773192717672671,0.8863183090108568,0.7534796526861387,-0.6771897252441161,0.5786052480703083,-0.2530850624062422,0.8056078418951449,-0.7194552633422202,0.16642337735934598,0.9964530806345286,-0.10453758135353519,0.15181242426639963,-0.10115685500061744,0.2612606684888048,0.4693537271049324,0.4734543933521749,-0.007938742215879868,0.6831880516242359,-0.18908525699152756,0.27028689660153304,-0.4965372131860075,-0.7739971358747593,0.4521211420974298,-0.26240335575130413,0.3583149780465922,-0.30970777665727534,-0.8675366853411213
54.65200454205431,0.27654586642191625,-0.10562041319852589,0.5871253036697108,-0.9483968087852248,-0.15746473280852524,0.5010203277755982,0.07732519889841116,0.7178858888530151,-0.8587603873502889,0.1720601216925366,-0.3967596950592158,-0.5066426001518469,-0.5959625892702904,-0.5604849224304598,-0.28621221527212093,0.4799011197839518,0.044926228620710607,0.4415543643520303,-0.09156085582300455,0.6935184301171309,-0.991742680745364,-0.7553063275271086,-0.3370522115974759,-0.45617534595985254,-0.8231279518784058,-0.5747343142377275,-0.20635535309827624,0.6543684113501378,-0.0535295820556394,-0.5626607540371076,0.5893738665249644,-0.16630588637721333,-0.7920080973958923,0.6654224625834093,0.422448283719449,0.08693974846297836,-0.597042313576573,0.7129294350142454,-0.451632358348224,-0.5653837705965821,-0.4226474907822384,-0.31173866838961617,-0.9982826559079361,-0.9970477696457396,0.5240761519690176,0.01256015333770133,0.4896151394125816,-0.1992236736363031,0.9618757890961618,-0.8685127196736528,0.5823700974571238,0.2010693243491577,0.07006615177258313,-0.997868837640447,-0.2972558159326071,0.32194423340891265,0.1994827035514979,-0.7144680083805242,0.7911105973319856,-0.288334180090406,-0.15989072210867405,-0.6828875653774129,-0.3217780455106414,0.819879362849959,0.7629909380820419,-0.0942720989784307,-0.25056967112971185,0.8841284468831949,0.04419210365238513,0.34688497984620525,-0.7091710938398108,0.24570519499931365,0.4638972065238778,0.46869639723813394,0.3915653222794324,0.014537044595945403,0.9239555457805115,-0.39586299256251034,0.6744610463101739,0.2925131284813669,0.43485248361307516,0.9962142524476953,-0.592355850700109,0.3639645989975244,-0.9144111164397042,-0.8521321973443596,0.0051716427979240365,0.028709452113330647,-0.6793561401168464,-0.6081429917504133,-0.44024202758205044,-0.28307156434810987,-0.438525402684226,0.40783167754731786,0.48611385832138865,-0.8712920479003732,0.23285703330690666,-0.3302917062776365,0.20991864620004597,0.23723674069037148,0.12946698136719226,-0.0769647217500864,-0.2775577756678489,0.3007236411623655,-0.4522137759847904,-0.9773828350486573,0.11891016369053897,0.946458648918421,-0.5110979330833212,0.11057752257034537,0.7704424085178365,-0.05477011763815698,-0.20888692947227772,0.21197844213285544,0.9241996680391216,0.5825325301296758,0.13919528848887808,0.9219374649382059,-0.798393813024588,0.1963980942427821,-0.4971129079954193,-0.4428034372169414,-0.830502707680246,-0.8318858208765167,-0.8853356994412778,-0.42288833172576457,0.8500152389982238,-0.8684261811414282,0.3490730882169144,0.9980475122608303,0.38037561594704417,0.9297250878211125,-0.17579053851837978,0.7321012474421418,0.8629533161002607,-0.9289058284903946,0.8416751193994094,-0.4885445025599062,-0.21774474719188341,-0.3789533425803664,-0.5639541260967051,0.5267602663880329,-0.34112410758990275,0.4331435675172808,0.284793062734245,-0.36532027747341034,0.19437826139298808,0.4349347945738682,-0.9141152375450019,-0.9456264934247836,0.19063863729362485,-0.1522338573842672,-0.9219258654835643,0.7143562756059922,-0.5789881461393886,0.5060802198628498,-0.9229126029969179,0.6258989387750642,0.8398807664453773,0.0035990878199301246,0.8543375093324055,-0.32879488193182427,-0.7554557780135611,0.6871444530499051,0.8379252206875396,-0.9395278423652831,-0.4455329651679041,0.2830998994156455,-0.8605893388995876,0.7410122879341758,-0.20835377917546705,-0.19044111919885975,-0.3580538725283189,-0.05269617268325133,0.8781699948752277,-0.5648057347319271,0.5834443208027573,0.19402317855692175,0.7637801529062593,0.8652406446356435,-0.8881348344037803,-0.5224486071760437,-0.31549068288420057,0.3297390960145301,-0.502243112351727,-0.05876340701182858,-0.7350497479132669,0.3343163350189271,0.859430158516735,-0.7799356932253776,-0.31733209108797533,0.27175951977886004,0.025024868943335443,-0.19261220064750972,-0.06277970003379973,-0.7832745464437147,0.09806095241488233,0.1814821286874997,0.40597468532700787,-0.43713737643108663,-0.45804423112009585,-0.30428001196998045,-0.34984695315211134,-0.9707259691340044,-0.8702659319307988,-0.629631089297777,0.1570930960219692,-0.7707203113676644,0.8456626267922323,0.38723779905247735,-0.39638997507280305,-0.22781969969179205,-0.4294697466508748,0.7283682706015449,0.6591191885824705,0.4030540420933302,-0.0024059445668980217,-0.4197334182971122,-0.5703777624467048,-0.83553301835671,0.7328829435824267,-0.5404119634341789,-0.22975887598107647,-0.17346879684601735,0.3193871778476838,0.2839561964351667,0.23771292604533611,-0.3213739194837526,0.558369971071186,0.9777923143058622,0.04162683761784258,0.23227074269368075,0.5667094587379262,0.9384073688373182,0.5920600304667372,0.1696606221847483,0.8178289540781232,-0.9748716256770973,0.3773192717672671,0.8863183090108568,0.7534796526861387,-0.6771897252441161,0.5786052480703083,-0.2530850624062422,0.8056078418951449,-0.7194552633422202,0.16642337735934598,0.9964530806345286,-0.10453758135353519,0.15181242426639963,-0.10115685500061744,0.2612606684888048,0.4693537271049324,0.4734543933521749,-0.007938742215879868,0.6831880516242359,-0.18908525699152756,0.27028689660153304,-0.4965372131860075,-0.7739971358747593,0.4521211420974298,-0.26240335575130413,0.3583149780465922,-0.30970777665727534,-0.8675366853411213
54.65200454205431,0.27654586642191625,-0.10562041319852589,0.5871253036697108,-0.9483968087852248,-0.15746473280852524,0.5010203277755982,0.07732519889841116,0.7178858888530151,-0.8587603873502889,0.1720601216925366,-0.3967596950592158,-0.5066426001518469,-0.5959625892702904,-0.5604849224304598,-0.28621221527212093,0.4799011197839518,0.044926228620710607,0.4415543643520303,-0.09156085582300455,0.6935184301171309,-0.991742680745364,-0.7553063275271086,-0.3370522115974759,-0.45617534595985254,-0.8231279518784058,-0.5747343142377275,-0.20635535309827624,0.6543684113501378,-0.0535295820556394,-0.5626607540371076,0.5893738665249644,-0.16630588637721333,-0.7920080973958923,0.6654224625834093,0.422448283719449,0.08693974846297836,-0.597042313576573,0.7129294350142454,-0.451632358348224,-0.5653837705965821,-0.4226474907822384,-0.31173866838961617,-0.9982826559079361,-0.9970477696457396,0.5240761519690176,0.01256015333770133,0.4896151394125816,-0.1992236736363031,0.9618757890961618,-0.8685127196736528,0.5823700974571238,0.2010693243491577,0.07006615177258313,-0.997868837640447,-0.2972558159326071,0.32194423340891265,0.1994827035514979,-0.7144680083805242,0.7911105973319856,-0.288334180090406,-0.15989072210867405,-0.6828875653774129,-0.3217780455106414,0.819879362849959,0.7629909380820419,-0.0942720989784307,-0.25056967112971185,0.8841284468831949,0.04419210365238513,0.34688497984620525,-0.7091710938398108,0.24570519499931365,0.4638972065238778,0.46869639723813394,0.3915653222794324,0.014537044595945403,0.9239555457805115,-0.39586299256251034,0.6744610463101739,0.2925131284813669,0.43485248361307516,0.9962142524476953,-0.592355850700109,0.3639645989975244,-0.9144111164397042,-0.8521321973443596,0.0051716427979240365,0.028709452113330647,-0.6793561401168464,-0.6081429917504133,-0.44024202758205044,-0.28307156434810987,-0.438525402684226,0.40783167754731786,0.48611385832138865,-0.8712920479003732,0.23285703330690666,-0.3302917062776365,0.20991864620004597,0.23723674069037148,0.12946698136719226,-0.0769647217500864,-0.2775577756678489,0.3007236411623655,-0.4522137759847904,-0.9773828350486573,0.11891016369053897,0.946458648918421,-0.5110979330833212,0.11057752257034537,0.7704424085178365,-0.05477011763815698,-0.20888692947227772,0.21197844213285544,0.9241996680391216,0.5825325301296758,0.13919528848887808,0.9219374649382059,-0.798393813024588,0.1963980942427821,-0.4971129079954193,-0.4428034372169414,-0.830502707680246,-0.8318858208765167,-0.8853356994412778,-0.42288833172576457,0.8500152389982238,-0.8684261811414282,0.3490730882169144,0.9980475122608303,0.38037561594704417,0.9297250878211125,-0.17579053851837978,0.7321012474421418,0.8629533161002607,-0.9289058284903946,0.8416751193994094,-0.4885445025599062,-0.21774474719188341,-0.3789533425803664,-0.5639541260967051,0.5267602663880329,-0.34112410758990275,0.4331435675172808,0.284793062734245,-0.36532027747341034,0.19437826139298808,0.4349347945738682,-0.9141152375450019,-0.9456264934247836,0.19063863729362485,-0.1522338573842672,-0.9219258654835643,0.7143562756059922,-0.5789881461393886,0.5060802198628498,-0.9229126029969179,0.6258989387750642,0.8398807664453773,0.0035990878199301246,0.8543375093324055,-0.32879488193182427,-0.7554557780135611,0.6871444530499051,0.8379252206875396,-0.9395278423652831,-0.4455329651679041,0.2830998994156455,-0.8605893388995876,0.7410122879341758,-0.20835377917546705,-0.19044111919885975,-0.3580538725283189,-0.05269617268325133,0.8781699948752277,-0.5648057347319271,0.5834443208027573,0.19402317855692175,0.7637801529062593,0.8652406446356435,-0.8881348344037803,-0.5224486071760437,-0.31549068288420057,0.3297390960145301,-0.502243112351727,-0.05876340701182858,-0.7350497479132669,0.3343163350189271,0.859430158516735,-0.7799356932253776,-0.31733209108797533,0.27175951977886004,0.025024868943335443,-0.19261220064750972,-0.06277970003379973,-0.7832745464437147,0.09806095241488233,0.1814821286874997,0.40597468532700787,-0.43713737643108663,-0.45804423112009585,-0.30428001196998045,-0.34984695315211134,-0.9707259691340044,-0.8702659319307988,-0.629631089297777,0.1570930960219692,-0.7707203113676644,0.8456626267922323,0.38723779905247735,-0.39638997507280305,-0.22781969969179205,-0.4294697466508748,0.7283682706015449,0.6591191885824705,0.4030540420933302,-0.0024059445668980217,-0.4197334182971122,-0.5703777624467048,-0.83553301835671,0.7328829435824267,-0.5404119634341789,-0.22975887598107647,-0.17346879684601735,0.3193871778476838,0.2839561964351667,0.23771292604533611,-0.3213739194837526,0.558369971071186,0.9777923143058622,0.04162683761784258,0.23227074269368075,0.5667094587379262,0.9384073688373182,0.5920600304667372,0.1696606221847483,0.8178289540781232,-0.9748716256770973,0.3773192717672671,0.8863183090108568,0.7534796526861387,-0.6771897252441161,0.5786052480703083,-0.2530850624062422,0.8056078418951449,-0.7194552633422202,0.16642337735934598,0.9964530806345286,-0.10453758135353519,0.15181242426639963,-0.10115685500061744,0.2612606684888048,0.4693537271049324,0.4734543933521749,-0.007938742215879868,0.6831880516242359,-0.18908525699152756,0.27028689660153304,-0.4965372131860075,-0.7739971358747593,0.4521211420974298,-0.26240335575130413,0.3583149780465922,-0.30970777665727534,-0.8675366853411213
54.65200454205431,0.27654586642191625,-0.10562041319852589,0.5871253036697108,-0.9483968087852248,-0.15746473280852524,0.5010203277755982,0.07732519889841116,0.7178858888530151,-0.8587603873502889,0.1720601216925366,-0.3967596950592158,-0.5066426001518469,-0.5959625892702904,-0.5604849224304598,-0.28621221527212093,0.4799011197839518,0.044926228620710607,0.4415543643520303,-0.09156085582300455,0.6935184301171309,-0.991742680745364,-0.7553063275271086,-0.3370522115974759,-0.45617534595985254,-0.8231279518784058,-0.5747343142377275,-0.20635535309827624,0.6543684113501378,-0.0535295820556394,-0.5626607540371076,0.5893738665249644,-0.16630588637721333,-0.7920080973958923,0.6654224625834093,0.422448283719449,0.08693974846297836,-0.597042313576573,0.7129294350142454,-0.451632358348224,-0.5653837705965821,-0.4226474907822384,-0.31173866838961617,-0.9982826559079361,-0.9970477696457396,0.5240761519690176,0.01256015333770133,0.4896151394125816,-0.1992236736363031,0.9618757890961618,-0.8685127196736528,0.5823700974571238,0.2010693243491577,0.07006615177258313,-0.997868837640447,-0.2972558159326071,0.32194423340891265,0.1994827035514979,-0.7144680083805242,0.7911105973319856,-0.288334180090406,-0.15989072210867405,-0.6828875653774129,-0.3217780455106414,0.819879362849959,0.7629909380820419,-0.0942720989784307,-0.25056967112971185,0.8841284468831949,0.04419210365238513,0.34688497984620525,-0.7091710938398108,0.24570519499931365,0.4638972065238778,0.46869639723813394,0.3915653222794324,0.014537044595945403,0.9239555457805115,-0.39586299256251034,0.6744610463101739,0.2925131284813669,0.43485248361307516,0.9962142524476953,-0.592355850700109,0.3639645989975244,-0.9144111164397042,-0.8521321973443596,0.0051716427979240365,0.028709452113330647,-0.6793561401168464,-0.6081429917504133,-0.44024202758205044,-0.28307156434810987,-0.438525402684226,0.40783167754731786,0.48611385832138865,-0.8712920479003732,0.23285703330690666,-0.3302917062776365,0.20991864620004597,0.23723674069037148,0.12946698136719226,-0.0769647217500864,-0.2775577756678489,0.3007236411623655,-0.4522137759847904,-0.9773828350486573,0.11891016369053897,0.946458648918421,-0.5110979330833212,0.11057752257034537,0.7704424085178365,-0.05477011763815698,-0.20888692947227772,0.21197844213285544,0.9241996680391216,0.5825325301296758,0.13919528848887808,0.9219374649382059,-0.798393813024588,0.1963980942427821,-0.4971129079954193,-0.4428034372169414,-0.830502707680246,-0.8318858208765167,-0.8853356994412778,-0.42288833172576457,0.8500152389982238,-0.8684261811414282,0.3490730882169144,0.9980475122608303,0.38037561594704417,0.9297250878211125,-0.17579053851837978,0.7321012474421418,0.8629533161002607,-0.9289058284903946,0.8416751193994094,-0.4885445025599062,-0.21774474719188341,-0.3789533425803664,-0.5639541260967051,0.5267602663880329,-0.34112410758990275,0.4331435675172808,0.284793062734245,-0.36532027747341034,0.19437826139298808,0.4349347945738682,-0.9141152375450019,-0.9456264934247836,0.19063863729362485,-0.1522338573842672,-0.9219258654835643,0.7143562756059922,-0.5789881461393886,0.5060802198628498,-0.9229126029969179,0.6258989387750642,0.8398807664453773,0.0035990878199301246,0.8543375093324055,-0.32879488193182427,-0.7554557780135611,0.6871444530499051,0.8379252206875396,-0.9395278423652831,-0.4455329651679041,0.2830998994156455,-0.8605893388995876,0.7410122879341758,-0.20835377917546705,-0.19044111919885975,-0.3580538725283189,-0.05269617268325133,0.8781699948752277,-0.5648057347319271,0.5834443208027573,0.19402317855692175,0.7637801529062593,0.8652406446356435,-0.8881348344037803,-0.5224486071760437,-0.31549068288420057,0.3297390960145301,-0.502243112351727,-0.05876340701182858,-0.7350497479132669,0.3343163350189271,0.859430158516735,-0.7799356932253776,-0.31733209108797533,0.27175951977886004,0.025024868943335443,-0.19261220064750972,-0.06277970003379973,-0.7832745464437147,0.09806095241488233,0.1814821286874997,0.40597468532700787,-0.43713737643108663,-0.45804423112009585,-0.30428001196998045,-0.34984695315211134,-0.9707259691340044,-0.8702659319307988,-0.629631089297777,0.1570930960219692,-0.7707203113676644,0.8456626267922323,0.38723779905247735,-0.39638997507280305,-0.22781969969179205,-0.4294697466508748,0.7283682706015449,0.6591191885824705,0.4030540420933302,-0.0024059445668980217,-0.4197334182971122,-0.5703777624467048,-0.83553301835671,0.7328829435824267,-0.5404119634341789,-0.22975887598107647,-0.17346879684601735,0.3193871778476838,0.2839561964351667,0.23771292604533611,-0.3213739194837526,0.558369971071186,0.9777923143058622,0.04162683761784258,0.23227074269368075,0.5667094587379262,0.9384073688373182,0.5920600304667372,0.1696606221847483,0.8178289540781232,-0.9748716256770973,0.3773192717672671,0.8863183090108568,0.7534796526861387,-0.6771897252441161,0.5786052480703083,-0.2530850624062422,0.8056078418951449,-0.7194552633422202,0.16642337735934598,0.9964530806345286,-0.10453758135353519,0.15181242426639963,-0.10115685500061744,0.2612606684888048,0.4693537271049324,0.4734543933521749,-0.007938742215879868,0.6831880516242359,-0.18908525699152756,0.27028689660153304,-0.4965372131860075,-0.7739971358747593,0.4521211420974298,-0.26240335575130413,0.3583149780465922,-0.30970777665727534,-0.8675366853411213
54.65200454205431,0.27654586642191625,-0.10562041319852589,0.5871253036697108,-0.9483968087852248,-0.15746473280852524,0.5010203277755982,0.07732519889841116,0.7178858888530151,-0.8587603873502889,0.1720601216925366,-0.3967596950592158,-0.5066426001518469,-0.5959625892702904,-0.5604849224304598,-0.28621221527212093,0.4799011197839518,0.044926228620710607,0.4415543643520303,-0.09156085582300455,0.6935184301171309,-0.991742680745364,-0.7553063275271086,-0.3370522115974759,-0.45617534595985254,-0.8231279518784058,-0.5747343142377275,-0.20635535309827624,0.6543684113501378,-0.0535295820556394,-0.5626607540371076,0.5893738665249644,-0.16630588637721333,-0.7920080973958923,0.6654224625834093,0.422448283719449,0.08693974846297836,-0.597042313576573,0.7129294350142454,-0.451632358348224,-0.5653837705965821,-0.4226474907822384,-0.31173866838961617,-0.9982826559079361,-0.9970477696457396,0.5240761519690176,0.01256015333770133,0.4896151394125816,-0.1992236736363031,0.9618757890961618,-0.8685127196736528,0.5823700974571238,0.2010693243491577,0.07006615177258313,-0.997868837640447,-0.2972558159326071,0.32194423340891265,0.1994827035514979,-0.7144680083805242,0.7911105973319856,-0.288334180090406,-0.15989072210867405,-0.6828875653774129,-0.3217780455106414,0.819879362849959,0.7629909380820419,-0.0942720989784307,-0.25056967112971185,0.8841284468831949,0.04419210365238513,0.34688497984620525,-0.7091710938398108,0.24570519499931365,0.4638972065238778,0.46869639723813394,0.3915653222794324,0.014537044595945403,0.9239555457805115,-0.39586299256251034,0.6744610463101739,0.2925131284813669,0.43485248361307516,0.9962142524476953,-0.592355850700109,0.3639645989975244,-0.9144111164397042,-0.8521321973443596,0.0051716427979240365,0.028709452113330647,-0.6793561401168464,-0.6081429917504133,-0.44024202758205044,-0.28307156434810987,-0.438525402684226,0.40783167754731786,0.48611385832138865,-0.8712920479003732,0.23285703330690666,-0.3302917062776365,0.20991864620004597,0.23723674069037148,0.12946698136719226,-0.0769647217500864,-0.2775577756678489,0.3007236411623655,-0.4522137759847904,-0.9773828350486573,0.11891016369053897,0.946458648918421,-0.5110979330833212,0.11057752257034537,0.7704424085178365,-0.05477011763815698,-0.20888692947227772,0.21197844213285544,0.9241996680391216,0.5825325301296758,0.13919528848887808,0.9219374649382059,-0.798393813024588,0.1963980942427821,-0.4971129079954193,-0.4428034372169414,-0.830502707680246,-0.8318858208765167,-0.8853356994412778,-0.42288833172576457,0.8500152389982238,-0.8684261811414282,0.3490730882169144,0.9980475122608303,0.38037561594704417,0.9297250878211125,-0.17579053851837978,0.7321012474421418,0.8629533161002607,-0.9289058284903946,0.8416751193994094,-0.4885445025599062,-0.21774474719188341,-0.3789533425803664,-0.5639541260967051,0.5267602663880329,-0.34112410758990275,0.4331435675172808,0.284793062734245,-0.36532027747341034,0.19437826139298808,0.4349347945738682,-0.9141152375450019,-0.9456264934247836,0.19063863729362485,-0.1522338573842672,-0.9219258654835643,0.7143562756059922,-0.5789881461393886,0.5060802198628498,-0.9229126029969179,0.6258989387750642,0.8398807664453773,0.0035990878199301246,0.8543375093324055,-0.32879488193182427,-0.7554557780135611,0.6871444530499051,0.8379252206875396,-0.9395278423652831,-0.4455329651679041,0.2830998994156455,-0.8605893388995876,0.7410122879341758,-0.20835377917546705,-0.19044111919885975,-0.3580538725283189,-0.05269617268325133,0.8781699948752277,-0.5648057347319271,0.5834443208027573,0.19402317855692175,0.7637801529062593,0.8652406446356435,-0.8881348344037803,-0.5224486071760437,-0.31549068288420057,0.3297390960145301,-0.502243112351727,-0.05876340701182858,-0.7350497479132669,0.3343163350189271,0.859430158516735,-0.7799356932253776,-0.31733209108797533,0.27175951977886004,0.025024868943335443,-0.19261220064750972,-0.06277970003379973,-0.7832745464437147,0.09806095241488233,0.1814821286874997,0.40597468532700787,-0.43713737643108663,-0.45804423112009585,-0.30428001196998045,-0.34984695315211134,-0.9707259691340044,-0.8702659319307988,-0.629631089297777,0.1570930960219692,-0.7707203113676644,0.8456626267922323,0.38723779905247735,-0.39638997507280305,-0.22781969969179205,-0.4294697466508748,0.7283682706015449,0.6591191885824705,0.4030540420933302,-0.0024059445668980217,-0.4197334182971122,-0.5703777624467048,-0.83553301835671,0.7328829435824267,-0.5404119634341789,-0.22975887598107647,-0.17346879684601735,0.3193871778476838,0.2839561964351667,0.23771292604533611,-0.3213739194837526,0.558369971071186,0.9777923143058622,0.04162683761784258,0.23227074269368075,0.5667094587379262,0.9384073688373182,0.5920600304667372,0.1696606221847483,0.8178289540781232,-0.9748716256770973,0.3773192717672671,0.8863183090108568,0.7534796526861387,-0.6771897252441161,0.5786052480703083,-0.2530850624062422,0.8056078418951449,-0.7194552633422202,0.16642337735934598,0.9964530806345286,-0.10453758135353519,0.15181242426639963,-0.10115685500061744,0.2612606684888048,0.4693537271049324,0.4734543933521749,-0.007938742215879868,0.6831880516242359,-0.18908525699152756,0.27028689660153304,-0.4965372131860075,-0.7739971358747593,0.4521211420974298,-0.26240335575130413,0.3583149780465922,-0.30970777665727534,-0.8675366853411213
54.65200454205431,0.27654586642191625,-0.10562041319852589,0.5871253036697108,-0.9483968087852248,-0.15746473280852524,0.5010203277755982,0.07732519889841116,0.7178858888530151,-0.8587603873502889,0.1720601216925366,-0.3967596950592158,-0.5066426001518469,-0.5959625892702904,-0.5604849224304598,-0.28621221527212093,0.4799011197839518,0.044926228620710607,0.4415543643520303,-0.09156085582300455,0.6935184301171309,-0.991742680745364,-0.7553063275271086,-0.3370522115974759,-0.45617534595985254,-0.8231279518784058,-0.5747343142377275,-0.20635535309827624,0.6543684113501378,-0.0535295820556394,-0.5626607540371076,0.5893738665249644,-0.16630588637721333,-0.7920080973958923,0.6654224625834093,0.422448283719449,0.08693974846297836,-0.597042313576573,0.7129294350142454,-0.451632358348224,-0.5653837705965821,-0.4226474907822384,-0.31173866838961617,-0.9982826559079361,-0.9970477696457396,0.5240761519690176,0.01256015333770133,0.4896151394125816,-0.1992236736363031,0.9618757890961618,-0.8685127196736528,0.5823700974571238,0.2010693243491577,0.07006615177258313,-0.997868837640447,-0.2972558159326071,0.32194423340891265,0.1994827035514979,-0.7144680083805242,0.7911105973319856,-0.288334180090406,-0.15989072210867405,-0.6828875653774129,-0.3217780455106414,0.819879362849959,0.7629909380820419,-0.0942720989784307,-0.25056967112971185,0.8841284468831949,0.04419210365238513,0.34688497984620525,-0.7091710938398108,0.24570519499931365,0.4638972065238778,0.46869639723813394,0.3915653222794324,0.014537044595945403,0.9239555457805115,-0.39586299256251034,0.6744610463101739,0.2925131284813669,0.43485248361307516,0.9962142524476953,-0.592355850700109,0.3639645989975244,-0.9144111164397042,-0.8521321973443596,0.0051716427979240365,0.028709452113330647,-0.6793561401168464,-0.6081429917504133,-0.44024202758205044,-0.28307156434810987,-0.438525402684226,0.40783167754731786,0.48611385832138865,-0.8712920479003732,0.23285703330690666,-0.3302917062776365,0.20991864620004597,0.23723674069037148,0.12946698136719226,-0.0769647217500864,-0.2775577756678489,0.3007236411623655,-0.4522137759847904,-0.9773828350486573,0.11891016369053897,0.946458648918421,-0.5110979330833212,0.11057752257034537,0.7704424085178365,-0.05477011763815698,-0.20888692947227772,0.21197844213285544,0.9241996680391216,0.5825325301296758,0.13919528848887808,0.9219374649382059,-0.798393813024588,0.1963980942427821,-0.4971129079954193,-0.4428034372169414,-0.830502707680246,-0.8318858208765167,-0.8853356994412778,-0.42288833172576457,0.8500152389982238,-0.8684261811414282,0.3490730882169144,0.9980475122608303,0.38037561594704417,0.9297250878211125,-0.17579053851837978,0.7321012474421418,0.8629533161002607,-0.9289058284903946,0.8416751193994094,-0.4885445025599062,-0.21774474719188341,-0.3789533425803664,-0.5639541260967051,0.5267602663880329,-0.34112410758990275,0.4331435675172808,0.284793062734245,-0.36532027747341034,0.19437826139298808,0.4349347945738682,-0.9141152375450019,-0.9456264934247836,0.19063863729362485,-0.1522338573842672,-0.9219258654835643,0.7143562756059922,-0.5789881461393886,0.5060802198628498,-0.9229126029969179,0.6258989387750642,0.8398807664453773,0.0035990878199301246,0.8543375093324055,-0.32879488193182427,-0.7554557780135611,0.6871444530499051,0.8379252206875396,-0.9395278423652831,-0.4455329651679041,0.2830998994156455,-0.8605893388995876,0.7410122879341758,-0.20835377917546705,-0.19044111919885975,-0.3580538725283189,-0.05269617268325133,0.8781699948752277,-0.5648057347319271,0.5834443208027573,0.19402317855692175,0.7637801529062593,0.8652406446356435,-0.8881348344037803,-0.5224486071760437,-0.31549068288420057,0.3297390960145301,-0.502243112351727,-0.05876340701182858,-0.7350497479132669,0.3343163350189271,0.859430158516735,-0.7799356932253776,-0.31733209108797533,0.27175951977886004,0.025024868943335443,-0.19261220064750972,-0.06277970003379973,-0.7832745464437147,0.09806095241488233,0.1814821286874997,0.40597468532700787,-0.43713737643108663,-0.45804423112009585,-0.30428001196998045,-0.34984695315211134,-0.9707259691340044,-0.8702659319307988,-0.629631089297777,0.1570930960219692,-0.7707203113676644,0.8456626267922323,0.38723779905247735,-0.39638997507280305,-0.22781969969179205,-0.4294697466508748,0.7283682706015449,0.6591191885824705,0.4030540420933302,-0.0024059445668980217,-0.4197334182971122,-0.5703777624467048,-0.83553301835671,0.7328829435824267,-0.5404119634341789,-0.22975887598107647,-0.17346879684601735,0.3193871778476838,0.2839561964351667,0.23771292604533611,-0.3213739194837526,0.558369971071186,0.9777923143058622,0.04162683761784258,0.23227074269368075,0.5667094587379262,0.9384073688373182,0.5920600304667372,0.1696606221847483,0.8178289540781232,-0.9748716256770973,0.3773192717672671,0.8863183090108568,0.7534796526861387,-0.6771897252441161,0.5786052480703083,-0.2530850624062422,0.8056078418951449,-0.7194552633422202,0.16642337735934598,0.9964530806345286,-0.10453758135353519,0.15181242426639963,-0.10115685500061744,0.2612606684888048,0.4693537271049324,0.4734543933521749,-0.007938742215879868,0.6831880516242359,-0.18908525699152756,0.27028689660153304,-0.4965372131860075,-0.7739971358747593,0.4521211420974298,-0.26240335575130413,0.3583149780465922,-0.30970777665727534,-0.8675366853411213
54.65200454205431,0.27654586642191625,-0.10562041319852589,0.5871253036697108,-0.9483968087852248,-0.15746473280852524,0.5010203277755982,0.07732519889841116,0.7178858888530151,-0.8587603873502889,0.1720601216925366,-0.3967596950592158,-0.5066426001518469,-0.5959625892702904,-0.5604849224304598,-0.28621221527212093,0.4799011197839518,0.044926228620710607,0.4415543643520303,-0.09156085582300455,0.6935184301171309,-0.991742680745364,-0.7553063275271086,-0.3370522115974759,-0.45617534595985254,-0.8231279518784058,-0.5747343142377275,-0.20635535309827624,0.6543684113501378,-0.0535295820556394,-0.5626607540371076,0.5893738665249644,-0.16630588637721333,-0.7920080973958923,0.6654224625834093,0.422448283719449,0.08693974846297836,-0.597042313576573,0.7129294350142454,-0.451632358348224,-0.5653837705965821,-0.4226474907822384,-0.31173866838961617,-0.9982826559079361,-0.9970477696457396,0.5240761519690176,0.01256015333770133,0.4896151394125816,-0.1992236736363031,0.9618757890961618,-0.8685127196736528,0.5823700974571238,0.2010693243491577,0.07006615177258313,-0.997868837640447,-0.2972558159326071,0.32194423340891265,0.1994827035514979,-0.7144680083805242,0.7911105973319856,-0.288334180090406,-0.15989072210867405,-0.6828875653774129,-0.3217780455106414,0.819879362849959,0.7629909380820419,-0.0942720989784307,-0.25056967112971185,0.8841284468831949,0.04419210365238513,0.34688497984620525,-0.7091710938398108,0.24570519499931365,0.4638972065238778,0.46869639723813394,0.3915653222794324,0.014537044595945403,0.9239555457805115,-0.39586299256251034,0.6744610463101739,0.2925131284813669,0.43485248361307516,0.9962142524476953,-0.592355850700109,0.3639645989975244,-0.9144111164397042,-0.8521321973443596,0.0051716427979240365,0.028709452113330647,-0.6793561401168464,-0.6081429917504133,-0.44024202758205044,-0.28307156434810987,-0.438525402684226,0.40783167754731786,0.48611385832138865,-0.8712920479003732,0.23285703330690666,-0.3302917062776365,0.20991864620004597,0.23723674069037148,0.12946698136719226,-0.0769647217500864,-0.2775577756678489,0.3007236411623655,-0.4522137759847904,-0.9773828350486573,0.11891016369053897,0.946458648918421,-0.5110979330833212,0.11057752257034537,0.7704424085178365,-0.05477011763815698,-0.20888692947227772,0.21197844213285544,0.9241996680391216,0.5825325301296758,0.13919528848887808,0.9219374649382059,-0.798393813024588,0.1963980942427821,-0.4971129079954193,-0.4428034372169414,-0.830502707680246,-0.8318858208765167,-0.8853356994412778,-0.42288833172576457,0.8500152389982238,-0.8684261811414282,0.3490730882169144,0.9980475122608303,0.38037561594704417,0.9297250878211125,-0.17579053851837978,0.7321012474421418,0.8629533161002607,-0.9289058284903946,0.8416751193994094,-0.4885445025599062,-0.21774474719188341,-0.3789533425803664,-0.5639541260967051,0.5267602663880329,-0.34112410758990275,0.4331435675172808,0.284793062734245,-0.36532027747341034,0.19437826139298808,0.4349347945738682,-0.9141152375450019,-0.9456264934247836,0.19063863729362485,-0.1522338573842672,-0.9219258654835643,0.7143562756059922,-0.5789881461393886,0.5060802198628498,-0.9229126029969179,0.6258989387750642,0.8398807664453773,0.0035990878199301246,0.8543375093324055,-0.32879488193182427,-0.7554557780135611,0.6871444530499051,0.8379252206875396,-0.9395278423652831,-0.4455329651679041,0.2830998994156455,-0.8605893388995876,0.7410122879341758,-0.20835377917546705,-0.19044111919885975,-0.3580538725283189,-0.05269617268325133,0.8781699948752277,-0.5648057347319271,0.5834443208027573,0.19402317855692175,0.7637801529062593,0.8652406446356435,-0.8881348344037803,-0.5224486071760437,-0.31549068288420057,0.3297390960145301,-0.502243112351727,-0.05876340701182858,-0.7350497479132669,0.3343163350189271,0.859430158516735,-0.7799356932253776,-0.31733209108797533,0.27175951977886004,0.025024868943335443,-0.19261220064750972,-0.06277970003379973,-0.7832745464437147,0.09806095241488233,0.1814821286874997,0.40597468532700787,-0.43713737643108663,-0.45804423112009585,-0.30428001196998045,-0.34984695315211134,-0.9707259691340044,-0.8702659319307988,-0.629631089297777,0.1570930960219692,-0.7707203113676644,0.8456626267922323,0.38723779905247735,-0.39638997507280305,-0.22781969969179205,-0.4294697466508748,0.7283682706015449,0.6591191885824705,0.4030540420933302,-0.0024059445668980217,-0.4197334182971122,-0.5703777624467048,-0.83553301835671,0.7328829435824267,-0.5404119634341789,-0.22975887598107647,-0.17346879684601735,0.3193871778476838,0.2839561964351667,0.23771292604533611,-0.3213739194837526,0.558369971071186,0.9777923143058622,0.04162683761784258,0.23227074269368075,0.5667094587379262,0.9384073688373182,0.5920600304667372,0.1696606221847483,0.8178289540781232,-0.9748716256770973,0.3773192717672671,0.8863183090108568,0.7534796526861387,-0.6771897252441161,0.5786052480703083,-0.2530850624062422,0.8056078418951449,-0.7194552633422202,0.16642337735934598,0.9964530806345286,-0.10453758135353519,0.15181242426639963,-0.10115685500061744,0.2612606684888048,0.4693537271049324,0.4734543933521749,-0.007938742215879868,0.6831880516242359,-0.18908525699152756,0.27028689660153304,-0.4965372131860075,-0.7739971358747593,0.4521211420974298,-0.26240335575130413,0.3583149780465922,-0.30970777665727534,-0.8675366853411213
54.65200454205431,0.27654586642191625,-0.10562041319852589,0.5871253036697108,-0.9483968087852248,-0.15746473280852524,0.5010203277755982,0.07732519889841116,0.7178858888530151,-0.8587603873502889,0.1720601216925366,-0.3967596950592158,-0.5066426001518469,-0.5959625892702904,-0.5604849224304598,-0.28621221527212093,0.4799011197839518,0.044926228620710607,0.4415543643520303,-0.09156085582300455,0.6935184301171309,-0.991742680745364,-0.7553063275271086,-0.3370522115974759,-0.45617534595985254,-0.8231279518784058,-0.5747343142377275,-0.20635535309827624,0.6543684113501378,-0.0535295820556394,-0.5626607540371076,0.5893738665249644,-0.16630588637721333,-0.7920080973958923,0.6654224625834093,0.422448283719449,0.08693974846297836,-0.597042313576573,0.7129294350142454,-0.451632358348224,-0.5653837705965821,-0.4226474907822384,-0.31173866838961617,-0.9982826559079361,-0.9970477696457396,0.5240761519690176,0.01256015333770133,0.4896151394125816,-0.1992236736363031,0.9618757890961618,-0.8685127196736528,0.5823700974571238,0.2010693243491577,0.07006615177258313,-0.997868837640447,-0.2972558159326071,0.32194423340891265,0.1994827035514979,-0.7144680083805242,0.7911105973319856,-0.288334180090406,-0.15989072210867405,-0.6828875653774129,-0.3217780455106414,0.819879362849959,0.7629909380820419,-0.0942720989784307,-0.25056967112971185,0.8841284468831949,0.04419210365238513,0.34688497984620525,-0.7091710938398108,0.24570519499931365,0.4638972065238778,0.46869639723813394,0.3915653222794324,0.014537044595945403,0.9239555457805115,-0.39586299256251034,0.6744610463101739,0.2925131284813669,0.43485248361307516,0.9962142524476953,-0.592355850700109,0.3639645989975244,-0.9144111164397042,-0.8521321973443596,0.0051716427979240365,0.028709452113330647,-0.6793561401168464,-0.6081429917504133,-0.44024202758205044,-0.28307156434810987,-0.438525402684226,0.40783167754731786,0.48611385832138865,-0.8712920479003732,0.23285703330690666,-0.3302917062776365,0.20991864620004597,0.23723674069037148,0.12946698136719226,-0.0769647217500864,-0.2775577756678489,0.3007236411623655,-0.4522137759847904,-0.9773828350486573,0.11891016369053897,0.946458648918421,-0.5110979330833212,0.11057752257034537,0.7704424085178365,-0.05477011763815698,-0.20888692947227772,0.21197844213285544,0.9241996680391216,0.5825325301296758,0.13919528848887808,0.9219374649382059,-0.798393813024588,0.1963980942427821,-0.4971129079954193,-0.4428034372169414,-0.830502707680246,-0.8318858208765167,-0.8853356994412778,-0.42288833172576457,0.8500152389982238,-0.8684261811414282,0.3490730882169144,0.9980475122608303,0.38037561594704417,0.9297250878211125,-0.17579053851837978,0.7321012474421418,0.8629533161002607,-0.9289058284903946,0.8416751193994094,-0.4885445025599062,-0.21774474719188341,-0.3789533425803664,-0.5639541260967051,0.5267602663880329,-0.34112410758990275,0.4331435675172808,0.284793062734245,-0.36532027747341034,0.19437826139298808,0.4349347945738682,-0.9141152375450019,-0.9456264934247836,0.19063863729362485,-0.1522338573842672,-0.9219258654835643,0.7143562756059922,-0.5789881461393886,0.5060802198628498,-0.9229126029969179,0.6258989387750642,0.8398807664453773,0.0035990878199301246,0.8543375093324055,-0.32879488193182427,-0.7554557780135611,0.6871444530499051,0.8379252206875396,-0.9395278423652831,-0.4455329651679041,0.2830998994156455,-0.8605893388995876,0.7410122879341758,-0.20835377917546705,-0.19044111919885975,-0.3580538725283189,-0.05269617268325133,0.8781699948752277,-0.5648057347319271,0.5834443208027573,0.19402317855692175,0.7637801529062593,0.8652406446356435,-0.8881348344037803,-0.5224486071760437,-0.31549068288420057,0.3297390960145301,-0.502243112351727,-0.05876340701182858,-0.7350497479132669,0.3343163350189271,0.859430158516735,-0.7799356932253776,-0.31733209108797533,0.27175951977886004,0.025024868943335443,-0.19261220064750972,-0.06277970003379973,-0.7832745464437147,0.09806095241488233,0.1814821286874997,0.40597468532700787,-0.43713737643108663,-0.45804423112009585,-0.30428001196998045,-0.34984695315211134,-0.9707259691340044,-0.8702659319307988,-0.629631089297777,0.1570930960219692,-0.7707203113676644,0.8456626267922323,0.38723779905247735,-0.39638997507280305,-0.22781969969179205,-0.4294697466508748,0.7283682706015449,0.6591191885824705,0.4030540420933302,-0.0024059445668980217,-0.4197334182971122,-0.5703777624467048,-0.83553301835671,0.7328829435824267,-0.5404119634341789,-0.22975887598107647,-0.17346879684601735,0.3193871778476838,0.2839561964351667,0.23771292604533611,-0.3213739194837526,0.558369971071186,0.9777923143058622,0.04162683761784258,0.23227074269368075,0.5667094587379262,0.9384073688373182,0.5920600304667372,0.1696606221847483,0.8178289540781232,-0.9748716256770973,0.3773192717672671,0.8863183090108568,0.7534796526861387,-0.6771897252441161,0.5786052480703083,-0.2530850624062422,0.8056078418951449,-0.7194552633422202,0.16642337735934598,0.9964530806345286,-0.10453758135353519,0.15181242426639963,-0.10115685500061744,0.2612606684888048,0.4693537271049324,0.4734543933521749,-0.007938742215879868,0.6831880516242359,-0.18908525699152756,0.27028689660153304,-0.4965372131860075,-0.7739971358747593,0.4521211420974298,-0.26240335575130413,0.3583149780465922,-0.30970777665727534,-0.8675366853411213
